0,0,0.74599,0,0,0,0.85343,0.043807,0,0,0.58046,0.83044,0,0,0,0,0,0,0,0,0.93533,0.83382,0.95913,0,0,0,0.36585,0,0,0,0,0,0.92124,0,0,0,0,0,0,0,0,0.11321,0.19594,0.98919,0.098783,0,0.21735,0.66857,0,0.090939,0,0,0,0,0.29931,0,0,0.42824,0,0,0,0,0,0,0,0,0,0.4145,0.20632,0.99837,0.3569,0.47376,0,0.39387,0.53517,0,0,0,0,0,0.87565,0.73508,0.40648,0.56504,0.39249,0.91592,0,0,0.89387,0,0,0,0,0,0,0,0,0,0,0,0,0,0,0.047637,0,0.36686,0,0,0,0.25853,0,0,0,0,0,0,0,0,0,0,0,0,0,0,0.63643,0,0,0.66466
0,0,0,0.10304,0.27425,0.33772,0.6838,0,0,0.54399,0,0,0,0,0,0,0,0,0,0.50542,0,0,0.156,0.0068243,0,0,0.2873,0,0,0,0,0.2155,0,0.73225,0,0,0,0.53011,0,0.93051,0,0,0,0,0,0,0,0,0.3044,0.034239,0,0.76998,0.65563,0,0.77543,0,0,0,0,0.011679,0.31373,0.60573,0,0.19526,0,0,0,0,0,0.38241,0,0,0,0,0.055756,0,0,0,0,0,0,0.91763,0,0,0,0,0,0,0,0,0,0,0,0,0,0.045145,0,0,0,0.72803,0.98451,0,0,0.68272,0,0,0,0.64478,0,0,0,0,0.51519,0,0,0,0,0,0,0,0,0,0,0,0.80275,0,0,0
0.74599,0,0,0,0,0,0,0,0,0,0,0,0,0,0,0,0,0,0,0,0,0,0.92894,0,0,0.070177,0,0.68596,0,0,0,0,0,0.61162,0,0.76799,0,0,0,0,0.20639,0,0.84969,0,0,0,0.39732,0.42177,0,0.32417,0.094925,0,0.94795,0,0,0,0,0.71899,0,0,0,0.64681,0.36169,0,0.70248,0.65197,0.24143,0,0,0,0,0,0,0,0,0,0,0,0,0,0,0.030598,0.69395,0,0.067025,0,0,0,0,0,0,0,0,0,0,0.79661,0,0,0,0,0,0.44838,0,0.47551,0,0.28417,0.059494,0,0.27681,0,0,0,0,0.22257,0,0,0,0,0,0,0,0,0,0,0.39434,0.5632,0,0
0,0.10304,0,0,0.14953,0,0.10634,0,0,0,0,0,0,0,0.93941,0,0.63208,0,0,0.017387,0,0,0.42457,0,0.90615,0,0,0,0,0.33441,0.050602,0.48531,0.78165,0.58123,0,0,0,0,0,0.50789,0,0,0,0,0,0,0,0.70277,0,0,0,0,0,0.86481,0,0,0,0.76762,0.48987,0,0,0,0,0,0,0.32892,0,0.083664,0,0,0,0,0,0.81583,0.43105,0,0,0.31034,0.31932,0,0.97384,0,0,0.068896,0,0,0,0,0,0,0.86483,0.53856,0,0,0,0.31483,0,0,0,0.20197,0,0,0.98266,0.92701,0,0.91439,0,0.84513,0,0,0.47082,0,0.57733,0.32074,0,0,0,0,0.85276,0,0.11172,0,0,0,0,0,0.071796,0.25679
0,0.27425,0,0.14953,0,0,0.50196,0,0.2734,0,0.96349,0,0,0,0.66808,0,0,0,0.34837,0,0.4489,0.60586,0,0.78609,0,0,0,0.69887,0.14483,0.44303,0,0.2195,0,0.070604,0,0,0,0,0,0.064098,0,0,0.74161,0.72336,0,0,0,0,0,0,0.85091,0,0,0,0,0,0,0,0.5297,0,0,0,0,0.42341,0.42067,0,0.69598,0,0,0.19008,0,0,0.11801,0,0,0,0,0,0,0,0,0.82422,0.82948,0,0,0,0.67832,0,0.1631,0.06156,0,0,0,0.50722,0,0,0,0.30991,0.85691,0,0.97931,0,0,0,0,0.66015,0,0,0,0.2606,0,0,0,0,0.98034,0.10961,0,0,0,0.91897,0,0.45371,0,0,0,0,0,0
0,0.33772,0,0,0,0,0,0,0,0,0,0,0,0,0.4812,0.78134,0,0.92685,0.20913,0,0,0,0.22308,0,0.3685,0.28103,0.74144,0,0,0,0,0,0.24192,0,0.71365,0,0,0,0,0,0,0.61386,0,0,0,0,0,0,0,0,0,0,0,0,0,0,0,0.92719,0,0,0.16141,0,0,0,0,0,0.015258,0,0,0,0.11251,0,0,0.52998,0.19074,0,0,0,0,0,0,0,0.54618,0,0,0,0,0,0,0,0.14024,0.99067,0,0.61259,0,0,0,0,0,0,0,0.062794,0.57207,0.41136,0.31302,0.42553,0.20021,0,0,0.47249,0,0.76686,0.0049427,0,0,0,0,0,0.48153,0.62398,0,0,0,0,0.26274,0,0,0
0.85343,0.6838,0,0.10634,0.50196,0,0,0,0,0,0,0,0,0,0,0.53151,0.68215,0,0,0,0,0,0,0,0,0,0,0,0,0.099138,0,0.93687,0.5836,0,0.69775,0,0.77191,0.82918,0,0,0,0,0,0.39694,0,0,0,0.4707,0.34285,0.16607,0,0.7557,0,0,0,0,0,0,0,0.72844,0,0,0,0.53708,0.64386,0,0.76855,0.58711,0,0,0,0,0,0.94736,0,0.8235,0.48587,0,0,0.30947,0.72388,0,0,0.1639,0,0,0.791,0.031974,0,0,0,0.76916,0.22018,0,0.39318,0,0.26082,0,0,0,0,0.099259,0,0,0,0.6251,0,0,0,0,0,0,0,0,0,0,0,0.80381,0,0.25758,0,0,0.8911,0,0,0,0,0
0.043807,0,0,0,0,0,0,0,0,0,0,0,0.8753,0,0,0,0,0,0,0,0,0,0.1364,0,0.66254,0.55504,0,0,0,0,0.05521,0,0,0,0,0,0.79256,0,0,0,0.90162,0.2839,0,0.59073,0,0,0.26256,0.40889,0,0,0,0,0,0,0,0.18235,0.72642,0,0,0.4153,0,0,0,0.46328,0,0.52317,0.33189,0,0,0,0,0.85117,0,0,0,0,0,0,0,0.97387,0,0,0,0,0,0,0,0.86933,0,0.659,0,0,0,0,0,0.23551,0.85659,0.41824,0.76205,0,0.61919,0,0,0,0,0,0,0,0,0,0,0,0.35223,0.22685,0,0,0.48411,0.79819,0.2723,0,0.84678,0,0,0,0.28383,0,0,0
0,0,0,0,0.2734,0,0,0,0,0,0.84487,0,0,0.27981,0,0,0,0,0,0,0,0,0,0,0,0,0,0.5904,0,0,0,0.27762,0,0,0,0,0.58707,0.67358,0.76649,0,0,0,0,0.57318,0,0,0,0,0.65934,0.99808,0.5222,0.99239,0.54524,0,0.64239,0,0,0,0,0,0,0,0.16133,0,0,0,0,0.63927,0.15697,0.99239,0,0,0,0,0,0,0.81213,0,0,0,0,0,0,0,0,0,0.72621,0,0,0,0,0.5861,0,0.68658,0,0,0.54611,0,0.76026,0,0,0,0.2325,0.87001,0.28283,0,0,0,0.97804,0,0.72859,0,0,0,0,0,0,0,0.7312,0.9513,0,0,0.49108,0,0,0.14997,0.26885,0
0,0.54399,0,0,0,0,0,0,0,0,0,0,0,0,0,0,0,0.04338,0.68037,0,0,0,0.26018,0,0,0,0,0.96206,0.057828,0,0.02622,0,0.20186,0,0.89346,0,0.079192,0,0,0,0,0,0,0,0,0,0.078639,0,0.038964,0,0,0.20307,0,0,0,0.86769,0,0.75695,0.22187,0,0,0.069183,0,0,0,0.12472,0.32233,0,0,0.67994,0.25508,0.92918,0.76765,0,0.32778,0.9484,0,0,0,0,0,0,0,0,0,0,0,0,0,0.099398,0,0.79085,0,0,0,0,0,0,0,0,0,0,0,0,0,0,0,0,0,0,0.3914,0.75009,0.54473,0.021758,0,0,0,0,0,0,0,0,0,0,0.71364,0,0,0
0.58046,0,0,0,0.96349,0,0,0,0.84487,0,0,0.67362,0.3781,0,0,0,0,0,0,0,0,0,0,0.44739,0,0.61897,0.066987,0,0,0,0.95544,0,0,0,0,0,0,0,0.92017,0,0,0,0,0.50767,0,0.39718,0,0,0,0,0,0.37542,0,0,0,0.52772,0.96966,0,0,0,0,0,0,0,0,0.4527,0,0.12515,0,0.9349,0,0,0,0.31668,0,0.46027,0,0,0,0,0,0,0,0,0,0,0,0.24765,0,0.60867,0.65714,0,0,0.083905,0.67996,0.26744,0.4605,0,0,0,0.94832,0.3685,0,0,0.064712,0,0,0.595,0,0,0.15602,0,0,0,0,0,0.14475,0.99524,0,0,0.65966,0,0.34178,0,0,0,0.040067,0
0.83044,0,0,0,0,0,0,0,0,0,0.67362,0,0,0,0,0.15391,0,0,0,0.47121,0.53178,0.51792,0,0,0,0,0.75717,0.78135,0,0.71515,0.52521,0,0,0,0,0,0.1929,0,0.21031,0,0.70914,0,0,0,0.48312,0,0,0,0,0,0,0.70867,0,0,0,0.97454,0,0.3325,0,0,0,0,0.88637,0,0.078309,0.9926,0,0,0,0.63641,0,0,0,0.57817,0.93766,0.0695,0,0.91597,0,0,0,0.84739,0,0,0,0,0.1752,0,0.98898,0,0,0,0,0,0,0,0,0,0,0,0,0.51353,0,0,0,0,0,0,0,0,0,0,0.092064,0,0.43965,0.72396,0,0,0.96947,0,0,0,0,0,0,0,0.74408,0
0,0,0,0,0,0,0,0.8753,0,0,0.3781,0,0,0.78009,0,0,0,0,0,0,0.63484,0.94286,0,0.28874,0,0,0.24071,0.53843,0.13494,0,0.75625,0,0,0.37425,0.70118,0,0,0,0.60811,0,0,0,0,0.14555,0,0,0,0,0,0.41549,0,0,0.30532,0,0,0.28548,0,0.88056,0,0,0,0,0,0,0,0.39923,0,0.86526,0,0,0,0.024244,0,0.19023,0,0.5224,0,0,0,0,0,0.46964,0.91234,0,0,0,0,0,0,0.80435,0,0,0,0.71411,0,0,0.15267,0,0,0.73801,0.37376,0,0.11702,0,0,0,0.86824,0,0.96492,0,0,0,0,0,0.80384,0,0,0.2118,0,0,0.77966,0.064794,0,0,0.19414,0,0,0.59192
0,0,0,0,0,0,0,0,0.27981,0,0,0,0.78009,0,0,0,0.80822,0,0,0.046077,0,0.74121,0,0,0,0,0,0,0.01478,0,0,0,0.12707,0,0.93729,0,0,0,0,0,0,0,0,0,0,0,0,0.98864,0.77214,0,0.016366,0.1635,0,0,0,0.94908,0,0,0.74818,0,0,0,0,0.62591,0.38075,0,0,0,0,0,0.15568,0.72909,0,0,0,0,0,0,0,0,0,0,0,0,0,0.26735,0.10322,0,0,0,0,0.54892,0,0,0.13003,0,0,0,0,0,0,0.38007,0.13038,0,0.060515,0,0,0,0,0,0.14159,0.11562,0,0,0,0,0,0.32902,0,0.046206,0.35856,0,0,0,0,0,0,0
0,0,0,0.93941,0.66808,0.4812,0,0,0,0,0,0,0,0,0,0,0,0.47606,0.35542,0,0.66812,0,0,0,0,0,0,0,0,0,0.58982,0,0,0,0.010893,0,0,0,0,0,0.13193,0.50813,0,0.29095,0.15362,0,0,0,0,0.75433,0,0,0.088516,0.52325,0,0,0,0,0,0,0.31973,0.21855,0.902,0.50256,0,0.061912,0,0.48778,0,0,0,0,0.45726,0,0,0.19586,0,0,0,0.86244,0,0,0,0,0,0,0,0.98542,0.1313,0.032315,0,0,0,0,0.070238,0,0.25579,0,0,0,0.22757,0,0,0,0,0,0.77087,0,0,0,0,0,0,0.015473,0.81767,0.8826,0,0,0.37562,0,0.18414,0,0,0,0,0,0,0
0,0,0,0,0,0.78134,0.53151,0,0,0,0,0.15391,0,0,0,0,0,0,0,0,0.43901,0,0,0,0,0,0,0,0,0,0,0,0,0,0,0,0,0,0.46573,0,0,0,0,0,0.30847,0,0,0,0,0,0,0.32396,0,0,0,0.60761,0,0.52561,0.25815,0.11864,0,0,0.75858,0,0,0,0,0,0,0,0,0,0.72584,0.39226,0.84737,0,0,0,0,0.61977,0,0,0,0,0,0.29602,0,0,0,0,0,0,0,0,0,0,0,0,0,0,0,0,0.74182,0,0,0,0,0,0,0,0,0,0,0.78385,0,0,0,0,0,0,0,0.85076,0,0,0.58008,0,0.94483,0.35785
0,0,0,0.63208,0,0,0.68215,0,0,0,0,0,0,0.80822,0,0,0,0,0,0.44227,0.17299,0,0,0,0,0.40979,0,0,0,0.72164,0,0,0.68767,0,0.81974,0,0,0.91301,0,0,0,0,0,0,0.13092,0,0,0,0,0.69331,0.12918,0,0,0,0,0.77649,0.76214,0.26734,0,0,0.67107,0,0,0,0,0,0.76544,0,0,0.6487,0,0,0,0,0.25698,0,0,0.65842,0,0,0,0,0,0,0,0,0,0.12759,0,0.52193,0,0,0,0,0,0,0,0.21018,0,0,0,0,0,0,0,0,0,0,0,0,0,0,0.27232,0,0,0,0.51167,0.76234,0,0,0,0.27943,0.96271,0,0,0,0,0
0,0,0,0,0,0.92685,0,0,0,0.04338,0,0,0,0,0.47606,0,0,0,0.43837,0,0,0,0,0.86318,0.95362,0,0,0,0,0,0,0,0,0,0,0,0,0,0,0,0,0.53888,0,0,0,0,0,0,0.69008,0,0,0.80901,0.42153,0,0,0.063482,0,0,0,0,0.52395,0,0,0,0,0,0,0,0,0,0,0,0,0,0,0.29871,0,0,0.21939,0,0,0.37032,0,0,0,0,0,0,0,0,0,0,0.82283,0,0,0,0,0,0.45942,0,0.56818,0,0,0,0,0,0,0,0,0,0,0,0,0,0.23153,0.00049313,0,0,0,0,0.01018,0,0,0.13496,0,0,0.22136,0
0,0,0,0,0.34837,0.20913,0,0,0,0.68037,0,0,0,0,0.35542,0,0,0.43837,0,0.16356,0,0.70108,0.54447,0,0,0,0,0.094138,0,0,0,0,0,0,0,0.20685,0,0.75614,0,0,0,0,0.66222,0,0,0,0.22012,0,0.92725,0.77064,0,0.21896,0.36753,0,0.17955,0,0.5251,0,0.19911,0,0,0,0,0,0,0,0,0,0,0.38261,0,0,0,0,0.37721,0,0.075997,0.17691,0,0.87945,0.62291,0,0,0,0,0,0,0,0,0,0,0,0.076042,0.29838,0,0,0,0,0,0,0,0.0016966,0,0,0,0,0,0,0,0,0,0,0,0,0,0.10194,0,0.75676,0,0,0,0,0,0,0,0,0.60057,0
0,0.50542,0,0.017387,0,0,0,0,0,0,0,0.47121,0,0.046077,0,0,0.44227,0,0.16356,0,0.69438,0,0,0.65623,0,0,0,0,0,0,0,0,0,0.03359,0,0,0,0,0,0,0,0,0,0.50114,0.34352,0.27781,0,0,0.062019,0,0,0.32839,0,0,0,0.59116,0,0,0,0,0.6078,0,0,0,0.43769,0,0,0,0,0,0,0.46632,0,0.99876,0,0,0,0.6451,0,0.30711,0,0.075637,0,0.51052,0,0,0,0,0.4673,0,0,0,0,0,0,0,0.39165,0.76745,0.38408,0,0,0,0,0,0,0,0,0,0,0.094833,0,0,0.59073,0,0,0,0,0.96128,0.2386,0,0,0,0,0,0,0,0,0
0.93533,0,0,0,0.4489,0,0,0,0,0,0,0.53178,0.63484,0,0.66812,0.43901,0.17299,0,0,0.69438,0,0,0,0,0,0,0,0,0,0,0,0,0,0.40614,0,0,0,0.16851,0.6167,0.65911,0,0,0,0.14187,0,0.36185,0,0,0,0.91226,0.59317,0.462,0,0,0,0,0.44679,0,0.87152,0.59626,0,0,0,0,0,0,0,0,0,0,0,0,0,0.34369,0,0,0,0,0.028035,0,0,0,0.91763,0,0.77852,0,0,0,0.37016,0.29765,0.59299,0,0,0.23319,0,0,0,0.24255,0.10743,0,0.56008,0,0,0,0,0.60012,0,0,0,0,0.90452,0,0,0.018647,0.64126,0,0,0.56989,0,0,0,0,0,0.57813,0,0.98621,0.43609,0
0.83382,0,0,0,0.60586,0,0,0,0,0,0,0.51792,0.94286,0.74121,0,0,0,0,0.70108,0,0,0,0.082208,0.28469,0.094128,0,0,0,0,0,0,0,0,0,0,0,0.77541,0,0,0,0,0.052151,0,0,0,0.78045,0.48499,0,0,0.31068,0,0,0,0.052769,0,0.89976,0,0,0,0,0,0,0,0.79178,0.40695,0.29296,0.38416,0,0.40224,0.027874,0,0.59119,0,0.90857,0,0.97572,0,0,0,0,0,0.16996,0,0,0,0,0.81755,0,0,0,0.51337,0,0,0,0,0,0,0,0.45547,0.86717,0,0,0.13831,0,0,0.98051,0,0.33099,0,0.063145,0,0,0,0,0,0,0,0,0,0,0,0,0,0,0.24747,0,0.17356,0.54805
0.95913,0.156,0.92894,0.42457,0,0.22308,0,0.1364,0,0.26018,0,0,0,0,0,0,0,0,0.54447,0,0,0.082208,0,0,0,0,0,0,0,0,0,0,0,0.65796,0,0,0,0,0.20309,0,0,0,0,0,0,0.44566,0,0,0,0,0,0.35233,0.85253,0,0,0,0.63836,0,0,0.0046879,0,0,0,0.71035,0,0,0,0,0,0,0,0,0,0,0.73351,0,0,0,0,0,0,0.67196,0.61854,0,0.76431,0.092474,0,0,0,0,0,0,0,0,0,0.14238,0,0,0.14725,0,0,0,0,0,0.57909,0,0,0,0.72805,0.81648,0,0,0,0,0.25781,0.37038,0,0,0,0,0,0,0,0,0,0,0.19489,0.78069
0,0.0068243,0,0,0.78609,0,0,0,0,0,0.44739,0,0.28874,0,0,0,0,0.86318,0,0.65623,0,0.28469,0,0,0.68532,0,0,0,0,0,0.73891,0,0,0,0,0.043304,0.35339,0.96402,0,0.44917,0.4252,0.43708,0,0,0,0,0.5153,0.48525,0,0,0.72179,0,0,0,0,0.50979,0,0,0,0,0,0.77999,0.36179,0,0,0,0,0,0.43758,0,0,0,0,0,0.78222,0,0.028333,0,0,0,0.84209,0,0,0.54154,0.56853,0.72583,0,0,0,0,0,0,0,0.31744,0.045384,0,0.96461,0,0,0,0,0.71758,0,0,0,0,0,0,0,0,0.35242,0,0,0.90273,0.12411,0,0.99353,0,0,0,0,0,0,0,0,0,0,0
0,0,0,0.90615,0,0.3685,0,0.66254,0,0,0,0,0,0,0,0,0,0.95362,0,0,0,0.094128,0,0.68532,0,0,0,0.88601,0.18912,0,0,0,0,0,0,0,0,0.34827,0,0,0.66145,0,0,0,0,0,0,0.11726,0,0,0,0,0.98392,0,0.28334,0.53283,0,0.16822,0,0,0,0.62908,0.49622,0,0,0,0.21863,0.27602,0.97506,0,0,0,0.10673,0.69767,0,0,0,0,0,0,0,0.59013,0,0,0,0,0.9801,0,0,0,0,0,0,0,0.55393,0,0.51942,0,0,0,0,0,0,0,0,0,0.93187,0.21141,0,0,0.15946,0,0.0046273,0.1966,0,0.91469,0.76257,0.60851,0,0,0,0.91192,0,0.90437,0.93591,0,0,0
0,0,0.070177,0,0,0.28103,0,0.55504,0,0,0.61897,0,0,0,0,0,0.40979,0,0,0,0,0,0,0,0,0,0,0,0,0,0,0,0.91074,0,0,0,0,0,0,0.14717,0,0.21873,0.10709,0,0.66306,0,0,0,0.68747,0,0.037025,0,0,0,0,0.79858,0,0.045011,0,0,0,0.070616,0,0,0,0.55227,0.56332,0,0,0,0,0,0,0.02977,0.011637,0,0,0,0,0,0,0,0,0,0,0,0,0,0,0,0,0,0,0,0,0.19385,0,0.88614,0,0,0,0,0,0,0,0,0,0,0,0.068448,0,0,0,0,0,0.99899,0,0.36509,0.2427,0,0,0,0,0,0,0,0,0.55888
0.36585,0.2873,0,0,0,0.74144,0,0,0,0,0.066987,0.75717,0.24071,0,0,0,0,0,0,0,0,0,0,0,0,0,0,0,0,0.78247,0,0,0,0,0.034268,0,0,0,0.6776,0.77523,0.32238,0,0,0,0,0,0,0,0,0,0,0.07354,0.053853,0.96002,0,0,0,0,0,0,0,0,0,0,0,0,0,0.31147,0,0,0,0.9845,0,0,0,0,0,0,0.68021,0,0,0,0.91047,0,0.61446,0,0,0.53295,0,0,0,0,0.082186,0,0,0,0.12088,0,0,0,0,0,0,0,0,0,0,0.62569,0,0,0.87188,0,0,0,0.40706,0,0,0,0,0.020927,0,0,0.12494,0,0.56456,0,0.18912,0
0,0,0.68596,0,0.69887,0,0,0,0.5904,0.96206,0,0.78135,0.53843,0,0,0,0,0,0.094138,0,0,0,0,0,0.88601,0,0,0,0,0,0.31942,0,0,0.57524,0,0.15356,0,0,0.017316,0,0,0,0,0,0,0.057312,0,0,0,0,0,0,0,0,0,0.6551,0,0,0,0,0.76031,0.65722,0,0,0.27379,0,0,0,0,0,0,0,0,0,0,0,0,0.035293,0,0,0,0.66779,0,0,0.58887,0,0,0.3786,0,0,0,0.07642,0,0,0.89082,0,0,0.29754,0,0,0,0,0.18715,0,0.83696,0,0.080753,0,0,0,0,0,0.030751,0.60903,0.067692,0,0,0.34355,0,0.08805,0,0,0,0,0,0,0,0
0,0,0,0,0.14483,0,0,0,0,0.057828,0,0,0.13494,0.01478,0,0,0,0,0,0,0,0,0,0,0.18912,0,0,0,0,0,0.84813,0,0.75094,0,0,0,0,0,0,0,0,0,0,0.40638,0,0,0,0,0,0.20472,0,0,0.35714,0,0,0,0,0.17077,0,0,0,0,0.65869,0,0,0.74013,0,0.66657,0,0,0,0.84701,0,0,0,0,0.43351,0,0.28615,0,0,0,0,0.51004,0,0,0,0,0,0,0.24462,0.47432,0.30972,0,0,0.83339,0,0,0,0,0,0.34508,0.39648,0,0,0,0.069891,0,0.72478,0,0,0,0,0,0,0,0,0.59999,0.018939,0,0.085915,0,0,0,0,0,0,0
0,0,0,0.33441,0.44303,0,0.099138,0,0,0,0,0.71515,0,0,0,0,0.72164,0,0,0,0,0,0,0,0,0,0.78247,0,0,0,0,0,0,0,0.51616,0,0,0,0,0,0,0.91834,0,0,0.5162,0,0,0,0,0,0,0.50519,0,0,0,0.46306,0.30714,0,0,0,0.16386,0,0,0,0,0,0.22063,0.5001,0.92674,0,0,0,0,0.48128,0,0,0,0.78261,0.030791,0,0.37804,0,0,0,0,0,0,0,0,0,0.97351,0,0.8555,0.28202,0.58579,0,0,0,0.29359,0,0,0,0,0,0.34739,0,0.97731,0,0,0,0,0.20409,0,0,0.10976,0,0.96602,0,0,0,0.32947,0.05977,0,0.77117,0,0,0,0
0,0,0,0.050602,0,0,0,0.05521,0,0.02622,0.95544,0.52521,0.75625,0,0.58982,0,0,0,0,0,0,0,0,0.73891,0,0,0,0.31942,0.84813,0,0,0.9531,0.82291,0,0,0,0,0,0,0,0,0.69145,0,0,0,0,0,0,0.72569,0,0.17617,0,0,0,0,0,0,0,0,0,0,0,0,0.5694,0.23135,0,0,0.44414,0,0.59307,0,0.9767,0,0,0,0,0.14348,0,0,0.6262,0,0,0,0,0.61663,0,0,0,0,0,0,0,0,0.25056,0.53155,0.7451,0.91489,0,0,0.20904,0,0,0,0.71,0.34843,0.76433,0,0,0.64496,0,0,0,0,0.52287,0,0,0,0,0,0.51784,0,0,0,0.70414,0,0,0,0
0,0.2155,0,0.48531,0.2195,0,0.93687,0,0.27762,0,0,0,0,0,0,0,0,0,0,0,0,0,0,0,0,0,0,0,0,0,0.9531,0,0.22512,0,0,0,0.83895,0,0,0,0.59744,0,0,0,0,0,0,0,0,0,0,0,0,0,0,0,0,0,0.027186,0,0,0.51966,0.28897,0.1571,0,0,0,0.32558,0,0,0.81311,0.34486,0,0,0.22171,0,0,0,0,0.63398,0,0,0.89386,0.12192,0.23978,0,0,0,0,0,0.91621,0,0.4743,0.12354,0,0,0,0,0,0,0,0,0,0,0,0,0.5217,0.26306,0,0.29764,0,0,0,0.70673,0.52956,0,0.92988,0,0.98265,0,0.30083,0,0.20861,0,0.87961,0,0,0
0.92124,0,0,0.78165,0,0.24192,0.5836,0,0,0.20186,0,0,0,0.12707,0,0,0.68767,0,0,0,0,0,0,0,0,0.91074,0,0,0.75094,0,0.82291,0.22512,0,0,0,0,0.13389,0.59849,0,0,0,0,0,0,0.79667,0,0,0,0,0,0.23244,0,0,0,0,0,0,0.92578,0,0.93945,0,0,0,0,0,0,0,0.56592,0,0.73131,0,0,0.43914,0,0,0,0.80804,0,0.28445,0,0.89868,0,0,0,0,0,0,0,0,0,0.65201,0,0,0,0,0,0.45661,0,0,0,0,0,0,0.94237,0,0.7189,0,0,0,0,0,0,0,0.3532,0,0,0,0,0,0,0,0,0.15497,0,0,0,0.92989,0.30169
0,0.73225,0.61162,0.58123,0.070604,0,0,0,0,0,0,0,0.37425,0,0,0,0,0,0,0.03359,0.40614,0,0.65796,0,0,0,0,0.57524,0,0,0,0,0,0,0.65333,0.71831,0,0.73139,0,0.53126,0,0,0,0,0,0,0,0,0,0,0,0,0,0,0,0,0,0,0,0,0.49436,0.94753,0,0,0.7379,0,0,0.015223,0,0,0,0.27736,0.55739,0,0,0,0,0,0,0,0,0.45026,0,0,0,0.71746,0.75168,0.78377,0,0,0,0.84973,0,0,0,0,0,0,0,0,0,0,0,0,0,0,0.7877,0.97565,0,0,0.80371,0.11626,0.37671,0.75889,0,0,0,0,0,0,0,0.61597,0,0,0.99268,0,0,0
0,0,0,0,0,0.71365,0.69775,0,0,0.89346,0,0,0.70118,0.93729,0.010893,0,0.81974,0,0,0,0,0,0,0,0,0,0.034268,0,0,0.51616,0,0,0,0.65333,0,0,0,0.87082,0,0,0,0,0,0.5931,0,0,0,0,0,0,0.71501,0,0,0,0.13585,0,0,0.10862,0,0.69141,0.76469,0,0,0,0.8794,0,0.16264,0,0.30806,0.65312,0.62964,0,0,0,0,0,0,0.001804,0,0,0,0,0,0,0.79108,0,0.90974,0,0,0,0,0,0,0.66814,0,0,0,0,0,0,0.2811,0,0,0,0,0,0,0.16136,0,0.78757,0,0,0.16552,0.50558,0,0.17049,0.23649,0.52563,0,0,0,0.56394,0.8076,0,0.94625,0,0,0
0,0,0.76799,0,0,0,0,0,0,0,0,0,0,0,0,0,0,0,0.20685,0,0,0,0,0.043304,0,0,0,0.15356,0,0,0,0,0,0.71831,0,0,0,0,0,0,0,0,0,0,0,0,0,0,0,0,0,0,0,0,0,0,0,0,0.03634,0,0,0,0,0,0.77249,0,0,0,0.86258,0,0,0.31641,0,0.67691,0,0,0.0017548,0,0,0,0.78876,0.79194,0.34529,0,0,0,0.60851,0.91409,0,0,0,0,0,0.27839,0,0,0,0,0,0.72876,0,0.65639,0.336,0,0,0,0,0,0,0,0,0,0,0.76577,0,0,0,0,0.80262,0,0.50657,0.66827,0,0,0.47838,0.81502,0,0.46061
0,0,0,0,0,0,0.77191,0.79256,0.58707,0.079192,0,0.1929,0,0,0,0,0,0,0,0,0,0.77541,0,0.35339,0,0,0,0,0,0,0,0.83895,0.13389,0,0,0,0,0,0,0,0,0,0.83617,0.80938,0,0,0.83901,0,0,0,0,0.2742,0,0,0,0,0.44341,0,0,0.2718,0,0,0,0.6256,0,0,0.39964,0,0.56023,0,0,0,0,0,0.067072,0,0.096222,0,0,0.3012,0.9088,0.4558,0,0,0.70565,0,0,0,0,0,0,0,0,0.24757,0,0,0,0,0,0,0,0.16933,0.45872,0,0,0.88066,0.30975,0.79454,0,0,0,0,0,0,0,0,0,0,0,0,0,0,0,0,0.12499,0,0,0
0,0.53011,0,0,0,0,0.82918,0,0.67358,0,0,0,0,0,0,0,0.91301,0,0.75614,0,0.16851,0,0,0.96402,0.34827,0,0,0,0,0,0,0,0.59849,0.73139,0.87082,0,0,0,0.22661,0,0,0,0,0.4706,0.5766,0,0,0,0,0.072879,0.77059,0,0.99907,0,0,0.55732,0,0,0,0,0.30081,0,0,0,0,0,0,0,0,0,0,0,0,0,0.70565,0,0,0.38452,0,0.58295,0,0,0,0.15575,0,0,0.4592,0,0.65756,0,0,0.40308,0.32424,0.56877,0,0,0,0,0.38042,0,0.8722,0,0,0,0,0,0.11852,0,0.08585,0.45637,0,0,0,0.36253,0,0.17262,0,0,0,0,0.38661,0,0,0.42241,0,0,0,0
0,0,0,0,0,0,0,0,0.76649,0,0.92017,0.21031,0.60811,0,0,0.46573,0,0,0,0,0.6167,0,0.20309,0,0,0,0.6776,0.017316,0,0,0,0,0,0,0,0,0,0.22661,0,0,0,0.11593,0,0.67412,0,0,0,0.85809,0.84653,0,0,0,0,0,0,0,0,0,0.43799,0.75374,0,0,0,0.92583,0,0,0.020395,0,0,0,0,0.33649,0,0,0.87593,0,0,0,0,0.10768,0,0,0,0.40915,0,0.62087,0,0,0,0,0,0,0,0,0,0,0,0.19068,0,0.6133,0,0,0,0.48017,0,0,0,0.92443,0,0,0,0,0.30622,0.92502,0,0,0,0,0,0,0,0,0,0.95786,0.064156,0,0,0.92092
0,0.93051,0,0.50789,0.064098,0,0,0,0,0,0,0,0,0,0,0,0,0,0,0,0.65911,0,0,0.44917,0,0.14717,0.77523,0,0,0,0,0,0,0.53126,0,0,0,0,0,0,0.21065,0,0,0,0,0,0,0,0.5538,0.5872,0,0,0,0.67221,0,0,0,0,0,0,0.83887,0.020851,0,0.9832,0,0,0,0,0.54416,0.061962,0.65937,0,0.85558,0,0.27748,0.16532,0.42168,0,0.11319,0.79841,0,0,0,0,0,0.37612,0,0.36112,0,0.66065,0.1105,0.2368,0.46004,0,0,0.74385,0,0,0,0,0,0.62115,0.10292,0,0,0.01065,0,0,0.5279,0,0,0,0,0,0,0,0,0,0.56349,0,0,0,0,0.75559,0,0,0,0
0,0,0.20639,0,0,0,0,0.90162,0,0,0,0.70914,0,0,0.13193,0,0,0,0,0,0,0,0,0.4252,0.66145,0,0.32238,0,0,0,0,0.59744,0,0,0,0,0,0,0,0.21065,0,0,0.45492,0,0,0,0.41315,0,0.8424,0.54249,0,0.56764,0.41502,0,0,0,0,0,0,0,0,0,0,0,0,0,0.42327,0,0,0.15304,0,0,0.91193,0,0,0,0,0,0,0,0.42141,0,0.99639,0.69365,0,0.63067,0,0,0,0,0,0,0,0,0.64404,0.26594,0,0,0,0,0,0.42461,0.17047,0.43461,0,0,0,0.46631,0,0,0,0,0,0.9011,0,0.10307,0,0.48497,0.38883,0,0,0,0,0.366,0,0,0,0
0.11321,0,0,0,0,0.61386,0,0.2839,0,0,0,0,0,0,0.50813,0,0,0.53888,0,0,0,0.052151,0,0.43708,0,0.21873,0,0,0,0.91834,0.69145,0,0,0,0,0,0,0,0.11593,0,0,0,0,0,0.066874,0,0,0,0.048919,0.64409,0,0,0,0,0,0.74303,0,0.83415,0,0,0,0.72872,0,0,0.035833,0,0,0.55283,0,0,0,0,0,0.40248,0,0,0,0,0.071623,0,0,0,0,0,0,0,0,0,0,0,0,0,0,0.051348,0,0,0,0,0,0,0.84564,0,0.6414,0.51207,0.041527,0.57154,0.48543,0,0,0.91018,0,0,0.26997,0,0.2115,0.60615,0.097522,0,0,0,0.9373,0,0,0,0.38666,0.91222,0.49054,0
0.19594,0,0.84969,0,0.74161,0,0,0,0,0,0,0,0,0,0,0,0,0,0.66222,0,0,0,0,0,0,0.10709,0,0,0,0,0,0,0,0,0,0,0.83617,0,0,0,0.45492,0,0,0,0,0,0.40218,0,0.7588,0,0,0.027511,0,0.065467,0.5635,0,0,0.15182,0.065688,0,0,0,0,0,0,0,0,0.93582,0,0.75565,0,0.5481,0,0.15409,0,0,0.23511,0.67247,0,0,0.070587,0.89447,0,0,0,0,0,0,0,0,0,0,0,0,0,0,0.90468,0,0,0,0,0,0,0,0.39132,0,0,0,0,0,0,0,0,0,0.025967,0.41189,0.40977,0,0.65253,0,0,0.33544,0.067367,0,0,0,0,0
0.98919,0,0,0,0.72336,0,0.39694,0.59073,0.57318,0,0.50767,0,0.14555,0,0.29095,0,0,0,0,0.50114,0.14187,0,0,0,0,0,0,0,0.40638,0,0,0,0,0,0.5931,0,0.80938,0.4706,0.67412,0,0,0,0,0,0,0.047994,0,0,0,0,0,0,0.38065,0,0,0,0.66527,0,0.97939,0,0,0,0,0,0,0,0.0032733,0,0,0.49583,0,0,0.35133,0.56117,0.6928,0,0,0,0,0,0,0,0,0.78077,0,0,0,0,0,0.59772,0,0,0.67417,0,0,0,0,0,0.92455,0.51297,0.64798,0,0,0,0,0,0,0,0,0,0,0.84146,0,0.55171,0,0.25578,0,0,0,0,0.15954,0.037794,0,0,0,0,0,0
0.098783,0,0,0,0,0,0,0,0,0,0,0.48312,0,0,0.15362,0.30847,0.13092,0,0,0.34352,0,0,0,0,0,0.66306,0,0,0,0.5162,0,0,0.79667,0,0,0,0,0.5766,0,0,0,0.066874,0,0,0,0,0,0,0.676,0.59801,0.58938,0,0,0,0,0.51432,0.82228,0,0,0,0.67981,0,0,0,0,0.3184,0,0,0,0,0.66412,0,0.37236,0,0,0.77735,0,0,0,0,0,0,0,0.63636,0,0.51729,0,0,0.87356,0,0,0,0,0.82317,0,0.11342,0.2919,0,0,0,0.72367,0,0.78768,0.52449,0.86631,0.9716,0,0,0,0,0,0.38157,0,0,0,0,0,0,0.99371,0.87866,0.77971,0,0.4906,0.55061,0,0.68397,0,0
0,0,0,0,0,0,0,0,0,0,0.39718,0,0,0,0,0,0,0,0,0.27781,0.36185,0.78045,0.44566,0,0,0,0,0.057312,0,0,0,0,0,0,0,0,0,0,0,0,0,0,0,0.047994,0,0,0,0.34198,0,0,0,0,0,0.97914,0,0,0,0,0,0,0,0.39852,0,0,0.55432,0,0,0,0,0,0,0.28521,0,0,0.13901,0.34138,0,0,0,0,0.90752,0,0,0,0,0,0.045914,0,0.29488,0.061549,0,0,0,0,0.40751,0,0,0,0,0,0,0,0.37236,0,0,0,0,0,0,0,0.73415,0,0,0,0,0,0,0,0,0,0,0.28579,0.59842,0,0,0,0,0
0.21735,0,0.39732,0,0,0,0,0.26256,0,0.078639,0,0,0,0,0,0,0,0,0.22012,0,0,0.48499,0,0.5153,0,0,0,0,0,0,0,0,0,0,0,0,0.83901,0,0,0,0.41315,0,0.40218,0,0,0,0,0,0,0,0,0,0,0,0.14426,0.12078,0,0.85588,0,0,0,0,0.14306,0,0,0,0,0,0,0,0,0.91586,0,0.94933,0,0,0,0.039491,0,0,0,0,0,0,0,0.65021,0,0,0,0.89116,0,0,0,0,0,0,0.78219,0,0,0,0.26674,0,0.3066,0,0,0.53363,0.41528,0,0,0,0,0.45405,0,0,0,0,0,0.65565,0,0.40218,0.17746,0.93125,0.36502,0,0.55825,0,0.79632,0
0.66857,0,0.42177,0.70277,0,0,0.4707,0.40889,0,0,0,0,0,0.98864,0,0,0,0,0,0,0,0,0,0.48525,0.11726,0,0,0,0,0,0,0,0,0,0,0,0,0,0.85809,0,0,0,0,0,0,0.34198,0,0,0.87443,0.45002,0,0,0,0,0,0.26809,0,0,0,0,0,0.68725,0.30813,0,0,0,0,0,0,0.38437,0,0,0,0,0,0,0,0,0,0,0.61274,0,0,0,0,0,0,0.91104,0.27283,0.95333,0,0.54149,0,0,0.26137,0.048981,0,0,0,0.95934,0,0.67708,0.89764,0,0,0,0,0.61357,0.85154,0.55067,0,0,0,0,0,0,0,0.038252,0.71377,0,0,0,0.68856,0,0,0,0,0.88618
0,0.3044,0,0,0,0,0.34285,0,0.65934,0.038964,0,0,0,0.77214,0,0,0,0.69008,0.92725,0.062019,0,0,0,0,0,0.68747,0,0,0,0,0.72569,0,0,0,0,0,0,0,0.84653,0.5538,0.8424,0.048919,0.7588,0,0.676,0,0,0.87443,0,0.16255,0,0,0.10458,0,0.85605,0,0,0.59857,0.6289,0,0,0,0,0,0.58817,0.49386,0.04486,0,0,0,0.54728,0,0,0,0.37477,0,0.9563,0.43476,0,0,0.75034,0.072557,0,0,0,0,0,0.11912,0,0,0,0,0,0,0.60921,0.27612,0,0,0,0,0,0,0,0,0.025259,0,0,0.41049,0,0,0,0,0,0,0,0,0,0,0,0,0,0.79985,0,0,0,0,0,0
0.090939,0.034239,0.32417,0,0,0,0.16607,0,0.99808,0,0,0,0.41549,0,0.75433,0,0.69331,0,0.77064,0,0.91226,0.31068,0,0,0,0,0,0,0.20472,0,0,0,0,0,0,0,0,0.072879,0,0.5872,0.54249,0.64409,0,0,0.59801,0,0,0.45002,0.16255,0,0.87294,0.61372,0.58961,0.29485,0,0.92486,0,0,0,0,0,0,0,0,0,0.62867,0,0,0,0,0,0,0,0.9593,0,0,0,0,0,0.87514,0,0.63544,0.89026,0,0,0.87125,0,0,0.080891,0,0,0.36891,0,0,0,0.65736,0,0.72412,0,0,0,0.17881,0,0,0,0.062717,0,0,0,0,0.49217,0,0,0,0,0,0.13117,0,0.10237,0,0.80529,0.33107,0.85691,0.22143,0.92243,0,0,0
0,0,0.094925,0,0.85091,0,0,0,0.5222,0,0,0,0,0.016366,0,0,0.12918,0,0,0,0.59317,0,0,0.72179,0,0.037025,0,0,0,0,0.17617,0,0.23244,0,0.71501,0,0,0.77059,0,0,0,0,0,0,0.58938,0,0,0,0,0.87294,0,0,0,0,0,0,0,0,0,0,0,0,0.34744,0,0,0,0,0,0,0.28832,0.28595,0,0,0,0,0,0.37149,0,0.58102,0,0,0.80862,0.36382,0.58181,0,0,0,0,0,0,0,0,0,0.036945,0.63279,0.6267,0.055907,0,0,0,0,0,0,0,0,0.5647,0,0,0.20999,0,0.40184,0,0,0,0,0,0,0,0,0,0,0,0.90064,0.25594,0,0,0,0.87947
0,0.76998,0,0,0,0,0.7557,0,0.99239,0.20307,0.37542,0.70867,0,0.1635,0,0.32396,0,0.80901,0.21896,0.32839,0.462,0,0.35233,0,0,0,0.07354,0,0,0.50519,0,0,0,0,0,0,0.2742,0,0,0,0.56764,0,0.027511,0,0,0,0,0,0,0.61372,0,0,0,0,0,0,0,0,0.65633,0,0,0,0,0.72317,0,0,0,0,0,0.18637,0,0,0,0.98994,0.83588,0.4741,0,0,0.010961,0,0,0,0.7829,0,0,0,0,0.034828,0,0,0.51463,0,0,0,0,0,0.21304,0,0,0,0,0,0.72439,0,0.17138,0,0,0.96922,0.82674,0,0,0.073887,0,0,0,0.20168,0,0,0,0.56132,0,0,0,0,0,0,0,0
0,0.65563,0.94795,0,0,0,0,0,0.54524,0,0,0,0.30532,0,0.088516,0,0,0.42153,0.36753,0,0,0,0.85253,0,0.98392,0,0.053853,0,0.35714,0,0,0,0,0,0,0,0,0.99907,0,0,0.41502,0,0,0.38065,0,0,0,0,0.10458,0.58961,0,0,0,0,0,0,0,0,0,0.65833,0.32846,0,0,0,0.24619,0,0,0,0,0,0,0,0,0.83601,0,0,0,0.17438,0,0,0,0,0,0.97473,0.73788,0,0,0.90451,0,0,0,0,0.57406,0,0.75927,0,0,0,0.19347,0,0,0,0,0,0,0,0,0,0,0,0.8626,0.025165,0,0.52103,0,0,0,0,0,0.59816,0,0,0,0,0,0.30303,0,0
0,0,0,0.86481,0,0,0,0,0,0,0,0,0,0,0.52325,0,0,0,0,0,0,0.052769,0,0,0,0,0.96002,0,0,0,0,0,0,0,0,0,0,0,0,0.67221,0,0,0.065467,0,0,0.97914,0,0,0,0.29485,0,0,0,0,0,0,0,0.19777,0,0,0,0,0,0,0,0.75315,0.18912,0,0,0.94734,0.097313,0,0,0,0.69575,0,0.49132,0,0,0.64767,0,0,0,0.52964,0,0,0.59967,0,0,0,0,0,0,0.26717,0,0,0,0,0.65505,0,0,0,0,0.46905,0,0.22813,0,0,0.20641,0,0.18084,0,0.30721,0,0,0.18769,0,0.18992,0,0.075051,0,0.73742,0,0.73525,0,0,0.1848,0
0.29931,0.77543,0,0,0,0,0,0,0.64239,0,0,0,0,0,0,0,0,0,0.17955,0,0,0,0,0,0.28334,0,0,0,0,0,0,0,0,0,0.13585,0,0,0,0,0,0,0,0.5635,0,0,0,0.14426,0,0.85605,0,0,0,0,0,0,0,0.31902,0.79753,0,0,0,0,0,0,0,0,0.20134,0,0,0.39806,0,0,0.10224,0,0.6949,0,0,0,0,0,0,0.3211,0,0.28837,0.13842,0.33102,0,0,0,0,0,0.75852,0,0,0,0,0,0,0,0,0.12199,0,0,0.95854,0,0,0.91584,0,0,0,0,0,0,0.17902,0,0,0,0,0,0,0.56238,0,0.9515,0.31555,0.93431,0,0,0.97034
0,0,0,0,0,0,0,0.18235,0,0.86769,0.52772,0.97454,0.28548,0.94908,0,0.60761,0.77649,0.063482,0,0.59116,0,0.89976,0,0.50979,0.53283,0.79858,0,0.6551,0,0.46306,0,0,0,0,0,0,0,0.55732,0,0,0,0.74303,0,0,0.51432,0,0.12078,0.26809,0,0.92486,0,0,0,0,0,0,0,0,0,0,0,0,0.13954,0,0.39839,0,0,0,0,0,0,0,0,0.65408,0,0.10024,0.26751,0,0,0,0,0,0,0,0.0054903,0,0,0,0.18635,0.18088,0,0,0,0,0,0.57411,0,0,0,0.18444,0,0,0,0,0.83093,0.44058,0.15946,0.6532,0,0,0,0.96111,0.58402,0,0,0.88377,0,0,0,0.39149,0,0.56744,0,0,0.82481,0,0,0
0,0,0,0,0,0,0,0.72642,0,0,0.96966,0,0,0,0,0,0.76214,0,0.5251,0,0.44679,0,0.63836,0,0,0,0,0,0,0.30714,0,0,0,0,0,0,0.44341,0,0,0,0,0,0,0.66527,0.82228,0,0,0,0,0,0,0,0,0,0.31902,0,0,0,0.32791,0,0.53826,0.073087,0,0.18756,0,0,0,0,0,0,0,0.67068,0,0,0,0,0,0,0,0.055069,0,0.53607,0,0,0,0.55754,0,0.93074,0,0,0.48105,0,0,0,0,0,0.77654,0,0,0.20074,0,0,0.4067,0,0,0.098906,0.20361,0.77141,0.4755,0.42922,0.92557,0,0,0.60892,0,0,0,0,0.44729,0,0.47007,0.016064,0,0,0.18358,0.7318,0.22778,0
0.42824,0,0.71899,0.76762,0,0.92719,0,0,0,0.75695,0,0.3325,0.88056,0,0,0.52561,0.26734,0,0,0,0,0,0,0,0.16822,0.045011,0,0,0.17077,0,0,0,0.92578,0,0.10862,0,0,0,0,0,0,0.83415,0.15182,0,0,0,0.85588,0,0.59857,0,0,0,0,0.19777,0.79753,0,0,0,0,0,0,0,0,0,0,0,0,0,0,0,0,0.78549,0,0,0,0,0,0,0,0,0.5804,0,0,0,0,0,0.78142,0.59,0,0,0.068172,0.76904,0,0,0,0,0,0,0,0.65912,0,0,0,0,0,0.12712,0,0,0,0,0,0,0.53852,0,0.99412,0,0,0,0.69279,0,0.35961,0,0,0,0,0.27621,0.84981,0
0,0,0,0.48987,0.5297,0,0,0,0,0.22187,0,0,0,0.74818,0,0.25815,0,0,0.19911,0,0.87152,0,0,0,0,0,0,0,0,0,0,0.027186,0,0,0,0.03634,0,0,0.43799,0,0,0,0.065688,0.97939,0,0,0,0,0.6289,0,0,0.65633,0,0,0,0,0.32791,0,0,0,0.83782,0,0.21624,0.86013,0.80678,0,0,0,0.84228,0,0.83122,0.18301,0,0,0,0,0,0,0,0,0,0,0,0.19621,0.73852,0,0,0.056448,0,0,0,0,0,0.30219,0,0,0,0,0,0,0,0.88746,0,0,0,0,0,0.41517,0,0,0,0,0,0,0,0,0,0,0.33296,0,0,0,0,0,0,0,0,0.75231
0,0.011679,0,0,0,0,0.72844,0.4153,0,0,0,0,0,0,0,0.11864,0,0,0,0,0.59626,0,0.0046879,0,0,0,0,0,0,0,0,0,0.93945,0,0.69141,0,0.2718,0,0.75374,0,0,0,0,0,0,0,0,0,0,0,0,0,0.65833,0,0,0,0,0,0,0,0,0.75805,0.55582,0,0.30184,0,0,0,0,0,0.31502,0,0.65759,0,0.85336,0,0,0,0.8435,0.93856,0,0.86608,0,0,0,0,0,0,0.76001,0,0,0.34631,0,0,0,0,0,0,0,0,0.15085,0,0.18636,0,0.012831,0,0.15009,0,0.29993,0,0,0.15839,0,0.72796,0,0.63141,0.75457,0,0.92175,0,0,0.42551,0,0,0.39311,0.61524,0,0
0,0.31373,0,0,0,0.16141,0,0,0,0,0,0,0,0,0.31973,0,0.67107,0.52395,0,0.6078,0,0,0,0,0,0,0,0.76031,0,0.16386,0,0,0,0.49436,0.76469,0,0,0.30081,0,0.83887,0,0,0,0,0.67981,0,0,0,0,0,0,0,0.32846,0,0,0,0.53826,0,0.83782,0,0,0,0,0,0,0.69389,0,0,0.78797,0,0.59878,0,0,0,0,0,0,0.58321,0.066062,0,0.99452,0,0,0,0,0,0,0,0.90961,0,0,0,0,0.6623,0,0,0,0,0,0,0,0,0,0,0,0.80163,0.9577,0,0,0,0,0,0,0,0,0,0,0,0,0.35499,0,0,0,0.42241,0.91278,0,0,0
0,0.60573,0.64681,0,0,0,0,0,0,0.069183,0,0,0,0,0.21855,0,0,0,0,0,0,0,0,0.77999,0.62908,0.070616,0,0.65722,0,0,0,0.51966,0,0.94753,0,0,0,0,0,0.020851,0,0.72872,0,0,0,0.39852,0,0.68725,0,0,0,0,0,0,0,0,0.073087,0,0,0.75805,0,0,0,0,0,0,0.60035,0,0,0.13915,0,0,0,0,0,0,0,0,0,0,0.16587,0,0,0,0,0.028614,0,0.88216,0,0,0,0,0,0,0,0,0,0,0,0,0,0,0,0,0,0.25488,0.74868,0,0,0.39905,0,0,0,0,0,0.62243,0.3481,0,0,0,0,0,0.90005,0,0,0.29485,0,0
0,0,0.36169,0,0,0,0,0,0.16133,0,0,0.88637,0,0,0.902,0.75858,0,0,0,0,0,0,0,0.36179,0.49622,0,0,0,0.65869,0,0,0.28897,0,0,0,0,0,0,0,0,0,0,0,0,0,0,0.14306,0.30813,0,0,0.34744,0,0,0,0,0.13954,0,0,0.21624,0.55582,0,0,0,0,0.48963,0.13688,0.23172,0.48177,0,0,0,0,0,0,0.29459,0,0,0,0,0,0.70882,0,0.32832,0,0.81079,0,0.81805,0,0,0,0.38884,0,0.84283,0.62576,0.23389,0,0,0.95681,0,0,0.66791,0.15993,0,0,0,0,0.20645,0.14907,0,0.063297,0.82204,0,0,0,0,0,0,0.92875,0,0,0.37177,0,0,0,0,0,0,0
0,0.19526,0,0,0.42341,0,0.53708,0.46328,0,0,0,0,0,0.62591,0.50256,0,0,0,0,0,0,0.79178,0.71035,0,0,0,0,0,0,0,0.5694,0.1571,0,0,0,0,0.6256,0,0.92583,0.9832,0,0,0,0,0,0,0,0,0,0,0,0.72317,0,0,0,0,0.18756,0,0.86013,0,0,0,0,0,0,0,0,0.32848,0.53637,0.54137,0.46877,0,0.21881,0,0,0,0.57628,0,0.4841,0,0,0.53422,0.15671,0,0.56472,0,0,0,0,0,0.8052,0,0.075822,0.71234,0,0.20036,0,0,0.39423,0,0,0.097846,0,0.8561,0,0,0,0,0,0,0,0,0,0,0.74464,0.65827,0,0,0.63249,0,0,0.029378,0.0065369,0,0.53417,0,0,0
0,0,0.70248,0,0.42067,0,0.64386,0,0,0,0,0.078309,0,0.38075,0,0,0,0,0,0.43769,0,0.40695,0,0,0,0,0,0.27379,0,0,0.23135,0,0,0.7379,0.8794,0.77249,0,0,0,0,0,0.035833,0,0,0,0.55432,0,0,0.58817,0,0,0,0.24619,0,0,0.39839,0,0,0.80678,0.30184,0,0,0.48963,0,0,0,0,0,0,0.030516,0,0,0.86643,0,0,0,0.52005,0,0.1624,0,0,0,0,0,0,0,0,0,0.64462,0,0,0,0.25985,0.27583,0,0,0,0.90147,0.19349,0,0.33655,0,0.051584,0,0.46669,0,0.6657,0,0,0,0,0,0,0,0,0.17708,0,0,0,0,0,0,0,0,0,0.51828,0,0
0,0,0.65197,0.32892,0,0,0,0.52317,0,0.12472,0.4527,0.9926,0.39923,0,0.061912,0,0,0,0,0,0,0.29296,0,0,0,0.55227,0,0,0.74013,0,0,0,0,0,0,0,0,0,0,0,0,0,0,0,0.3184,0,0,0,0.49386,0.62867,0,0,0,0.75315,0,0,0,0,0,0,0.69389,0,0.13688,0,0,0,0,0,0,0.54845,0,0,0,0.86917,0,0.060182,0.97887,0.19104,0,0.057961,0,0,0,0,0,0,0.22308,0,0,0,0,0,0,0,0.28873,0.40937,0,0,0,0.73911,0.61769,0,0,0.30553,0,0,0,0.49432,0.34497,0.71619,0.68658,0,0,0.87594,0,0,0,0,0,0,0,0,0,0.74844,0,0.73892,0,0
0,0,0.24143,0,0.69598,0.015258,0.76855,0.33189,0,0.32233,0,0,0,0,0,0,0.76544,0,0,0,0,0.38416,0,0,0.21863,0.56332,0,0,0,0.22063,0,0,0,0,0.16264,0,0.39964,0,0.020395,0,0.42327,0,0,0.0032733,0,0,0,0,0.04486,0,0,0,0,0.18912,0.20134,0,0,0,0,0,0,0.60035,0.23172,0,0,0,0,0,0,0,0,0,0,0,0,0,0.66074,0.38364,0,0,0.1667,0,0,0.21537,0.055682,0,0.7329,0,0,0.073545,0,0,0,0,0,0,0,0.70058,0,0,0.77533,0,0,0,0,0,0.21956,0,0,0.71992,0,0.93364,0,0.47332,0.98224,0,0,0,0,0.24479,0,0.78418,0.041932,0,0,0,0,0.015543
0.4145,0,0,0.083664,0,0,0.58711,0,0.63927,0,0.12515,0,0.86526,0,0.48778,0,0,0,0,0,0,0,0,0,0.27602,0,0.31147,0,0.66657,0.5001,0.44414,0.32558,0.56592,0.015223,0,0,0,0,0,0,0,0.55283,0.93582,0,0,0,0,0,0,0,0,0,0,0,0,0,0,0,0,0,0,0,0.48177,0.32848,0,0,0,0,0.0018304,0,0,0.14089,0,0.86377,0,0,0,0,0,0.24914,0,0.79361,0,0,0,0.22087,0,0,0.51745,0.98803,0.78666,0,0,0,0.022698,0.28431,0,0,0,0.37437,0,0,0,0.72032,0,0,0,0,0.92795,0,0,0,0,0,0,0,0.44978,0,0,0,0.38287,0.98081,0,0,0,0,0,0
0.20632,0,0,0,0,0,0,0,0.15697,0,0,0,0,0,0,0,0,0,0,0,0,0.40224,0,0.43758,0.97506,0,0,0,0,0.92674,0,0,0,0,0.30806,0.86258,0.56023,0,0,0.54416,0,0,0,0,0,0,0,0,0,0,0,0,0,0,0,0,0,0,0.84228,0,0.78797,0,0,0.53637,0,0,0,0.0018304,0,0,0,0,0,0,0,0,0,0,0,0.37512,0,0.58623,0,0,0,0.78559,0,0,0,0,0.11998,0,0,0,0.29144,0,0,0,0,0,0,0,0,0.85462,0,0.49993,0.4493,0.84869,0,0,0.46916,0,0,0,0,0.62585,0,0.58298,0,0.10803,0,0,0,0,0,0,0,0
0.99837,0.38241,0,0,0.19008,0,0,0,0.99239,0.67994,0.9349,0.63641,0,0,0,0,0.6487,0,0.38261,0,0,0.027874,0,0,0,0,0,0,0,0,0.59307,0,0.73131,0,0.65312,0,0,0,0,0.061962,0.15304,0,0.75565,0.49583,0,0,0,0.38437,0,0,0.28832,0.18637,0,0.94734,0.39806,0,0,0,0,0,0,0.13915,0,0.54137,0.030516,0.54845,0,0,0,0,0,0.055745,0,0,0,0.86172,0,0,0,0,0,0,0,0,0,0,0.67756,0,0,0,0,0,0,0.99608,0,0,0,0,0,0,0.73294,0,0,0,0,0,0,0,0,0.74117,0,0,0,0,0,0,0,0,0,0,0,0.68994,0,0,0,0.74402,0.49429,0
0.3569,0,0,0,0,0.11251,0,0,0,0.25508,0,0,0,0.15568,0,0,0,0,0,0,0,0,0,0,0,0,0,0,0,0,0,0.81311,0,0,0.62964,0,0,0,0,0.65937,0,0,0,0,0.66412,0,0,0,0.54728,0,0.28595,0,0,0.097313,0,0,0,0,0.83122,0.31502,0.59878,0,0,0.46877,0,0,0,0,0,0,0,0,0,0,0,0.070872,0.84624,0,0,0,0,0,0.73948,0.43766,0.3231,0,0,0,0,0,0.41198,0,0,0.30045,0,0,0,0,0.031735,0.97608,0,0,0,0,0,0,0,0.67779,0,0,0,0,0,0.75221,0,0.87646,0,0.01541,0,0.11229,0,0,0.87089,0,0.45146,0,0.98574,0
0.47376,0,0,0,0,0,0,0.85117,0,0.92918,0,0,0.024244,0.72909,0,0,0,0,0,0.46632,0,0.59119,0,0,0,0,0.9845,0,0.84701,0,0.9767,0.34486,0,0.27736,0,0.31641,0,0,0.33649,0,0,0,0.5481,0,0,0.28521,0.91586,0,0,0,0,0,0,0,0,0,0.67068,0.78549,0.18301,0,0,0,0,0,0,0,0,0.14089,0,0.055745,0,0,0.3934,0,0,0.8828,0,0.88218,0,0,0,0,0,0,0,0,0,0.84952,0,0.42791,0,0.96745,0,0,0,0.83408,0,0,0.80182,0,0,0,0.94396,0,0,0,0.94037,0,0,0,0,0,0,0,0,0.1782,0.19934,0,0.93219,0,0,0.77969,0,0,0,0,0,0
0,0,0,0,0.11801,0,0,0,0,0.76765,0,0,0,0,0.45726,0.72584,0,0,0,0,0,0,0,0,0.10673,0,0,0,0,0,0,0,0.43914,0.55739,0,0,0,0,0,0.85558,0.91193,0,0,0.35133,0.37236,0,0,0,0,0,0,0,0,0,0.10224,0,0,0,0,0.65759,0,0,0,0.21881,0.86643,0,0,0,0,0,0,0.3934,0,0,0,0,0.087144,0.0018414,0,0,0,0,0,0,0,0.2909,0,0.56874,0,0,0,0,0,0,0,0,0,0.81347,0,0,0,0.76144,0,0,0.83162,0.523,0,0,0,0,0,0,0,0,0,0,0.73652,0,0,0,0,0,0,0,0,0,0,0
0.39387,0,0,0.81583,0,0.52998,0.94736,0,0,0,0.31668,0.57817,0.19023,0,0,0.39226,0,0,0,0.99876,0.34369,0.90857,0,0,0.69767,0.02977,0,0,0,0.48128,0,0,0,0,0,0.67691,0,0,0,0,0,0.40248,0.15409,0.56117,0,0,0.94933,0,0,0.9593,0,0.98994,0.83601,0,0,0.65408,0,0,0,0,0,0,0,0,0,0.86917,0,0.86377,0,0,0,0,0,0,0.65097,0.39384,0.42288,0,0,0.41353,0,0,0,0,0.93361,0,0,0,0,0,0,0,0,0,0,0.75735,0.69681,0,0,0,0,0,0,0,0,0,0,0,0,0,0,0.23677,0,0,0,0.64557,0.20337,0.29368,0,0,0,0,0.4444,0,0.2856,0,0,0.99234
0.53517,0.055756,0,0.43105,0,0.19074,0,0,0,0.32778,0,0.93766,0,0,0,0.84737,0.25698,0,0.37721,0,0,0,0.73351,0.78222,0,0.011637,0,0,0,0,0,0.22171,0,0,0,0,0.067072,0.70565,0.87593,0.27748,0,0,0,0.6928,0,0.13901,0,0,0.37477,0,0,0.83588,0,0.69575,0.6949,0,0,0,0,0.85336,0,0,0.29459,0,0,0,0,0,0,0,0,0,0,0.65097,0,0.44005,0,0,0,0,0,0,0.63174,0,0,0,0,0.46059,0.7016,0.75898,0,0,0,0,0,0,0,0,0,0,0,0,0.42062,0.30769,0,0,0.58194,0.44593,0.030121,0,0,0,0.79067,0.18105,0,0,0,0,0.42592,0,0,0,0,0.35309,0,0,0.17223,0
0,0,0,0,0,0,0.8235,0,0,0.9484,0.46027,0.0695,0.5224,0,0.19586,0,0,0.29871,0,0,0,0.97572,0,0,0,0,0,0,0,0,0,0,0,0,0,0,0,0,0,0.16532,0,0,0,0,0.77735,0.34138,0,0,0,0,0,0.4741,0,0,0,0.10024,0,0,0,0,0,0,0,0,0,0.060182,0,0,0,0.86172,0.070872,0.8828,0,0.39384,0.44005,0,0,0,0.42196,0,0,0,0,0.56695,0.85276,0,0.9721,0.067605,0.045074,0,0,0,0.68756,0,0,0.86591,0.90788,0,0.31333,0,0,0.89408,0,0,0,0,0,0,0,0.68937,0.88794,0,0,0,0,0,0.76816,0.04526,0,0.2672,0,0.59798,0,0,0,0,0.9501,0.45576
0,0,0,0,0,0,0.48587,0,0.81213,0,0,0,0,0,0,0,0,0,0.075997,0,0,0,0,0.028333,0,0,0,0,0.43351,0,0.14348,0,0.80804,0,0,0.0017548,0.096222,0,0,0.42168,0,0,0.23511,0,0,0,0,0,0.9563,0,0.37149,0,0,0.49132,0,0.26751,0,0,0,0,0,0,0,0.57628,0.52005,0.97887,0.66074,0,0,0,0.84624,0,0.087144,0.42288,0,0,0,0.6802,0,0,0.079331,0,0,0,0.68677,0.057183,0,0,0,0.92317,0,0,0.4325,0,0,0,0,0,0.74694,0,0.73628,0,0.59614,0,0,0,0.14773,0,0.72004,0.26042,0,0.075554,0,0,0,0,0.24128,0,0.30049,0,0,0,0.44254,0,0.62277,0,0,0
0,0,0,0.31034,0,0,0,0,0,0,0,0.91597,0,0,0,0,0.65842,0,0.17691,0.6451,0,0,0,0,0,0,0,0.035293,0,0.78261,0,0,0,0,0.001804,0,0,0.38452,0,0,0,0,0.67247,0,0,0,0.039491,0,0.43476,0,0,0,0.17438,0,0,0,0,0,0,0,0.58321,0,0,0,0,0.19104,0.38364,0,0,0,0,0.88218,0.0018414,0,0,0,0.6802,0,0.86306,0,0.63408,0,0.5999,0,0.16724,0,0,0.38321,0,0,0,0,0.32373,0.50127,0.35408,0,0,0,0,0,0.059901,0.24773,0.51354,0,0,0,0,0.49708,0.37622,0.00987,0.98236,0.67256,0.37272,0.021336,0,0,0.61373,0,0,0,0,0,0.3306,0,0,0,0.38234,0
0,0,0,0.31932,0,0,0,0,0,0,0,0,0,0,0,0,0,0.21939,0,0,0.028035,0,0,0,0,0,0.68021,0,0.28615,0.030791,0,0,0.28445,0,0,0,0,0,0,0.11319,0,0.071623,0,0,0,0,0,0,0,0,0.58102,0.010961,0,0,0,0,0,0,0,0.8435,0.066062,0,0,0.4841,0.1624,0,0,0,0,0,0,0,0,0,0,0.42196,0,0.86306,0,0.16518,0,0,0,0.91558,0,0.6989,0.4116,0,0,0,0.79807,0,0,0.13232,0,0,0,0,0.59063,0.035211,0,0.59723,0,0.1568,0,0,0,0.15613,0,0,0,0,0,0,0,0,0,0.79473,0,0,0.25631,0,0,0,0,0.40346,0,0
0,0,0,0,0,0,0.30947,0.97387,0,0,0,0,0,0,0.86244,0.61977,0,0,0.87945,0.30711,0,0,0,0,0,0,0,0,0,0,0.6262,0.63398,0,0,0,0,0.3012,0.58295,0.10768,0.79841,0,0,0,0,0,0,0,0,0,0.87514,0,0,0,0.64767,0,0,0.055069,0,0,0.93856,0,0,0,0,0,0.057961,0,0.24914,0.37512,0,0,0,0,0.41353,0,0,0,0,0.16518,0,0,0,0,0,0,0,0.051227,0.7404,0.89025,0,0.25272,0,0,0,0,0.41693,0,0,0,0,0.22705,0,0,0.077107,0,0,0.62953,0.69787,0,0,0,0,0,0.12927,0,0,0.34577,0,0,0,0,0,0,0,0.18177,0,0,0.5205
0.87565,0,0,0.97384,0,0,0.72388,0,0,0,0,0,0,0,0,0,0,0,0.62291,0,0,0,0,0.84209,0,0,0,0,0,0.37804,0,0,0.89868,0,0,0.78876,0.9088,0,0,0,0.42141,0,0.070587,0,0,0.90752,0,0.61274,0.75034,0,0,0,0,0,0,0,0,0.5804,0,0,0.99452,0.16587,0.70882,0,0,0,0.1667,0,0,0,0,0,0,0,0,0,0.079331,0.63408,0,0,0,0,0,0,0.67966,0.63833,0,0.52233,0,0,0,0.35581,0,0,0,0,0.60888,0,0.29643,0.32825,0,0.076617,0,0,0,0,0.1843,0,0.58803,0,0.032336,0,0,0,0,0.88412,0.72263,0,0,0,0,0,0,0,0.92715,0.16093,0.44763,0
0.73508,0.91763,0.030598,0,0.82422,0,0,0,0,0,0,0.84739,0.46964,0,0,0,0,0.37032,0,0.075637,0,0.16996,0.67196,0,0.59013,0,0,0.66779,0,0,0,0,0,0.45026,0,0.79194,0.4558,0,0,0,0,0,0.89447,0,0,0,0,0,0.072557,0.63544,0.80862,0,0,0,0.3211,0,0.53607,0,0,0.86608,0,0,0,0.53422,0,0,0,0.79361,0.58623,0,0,0,0,0,0,0,0,0,0,0,0,0,0,0,0,0,0,0,0,0.87212,0.58748,0.19319,0,0.89756,0,0,0.54456,0,0,0,0,0,0.89583,0.74809,0,0,0,0,0.32995,0,0,0,0,0.86005,0,0.25052,0,0,0,0,0,0,0.93967,0,0,0,0,0
0.40648,0,0.69395,0,0.82948,0.54618,0,0,0,0,0,0,0.91234,0,0,0,0,0,0,0,0.91763,0,0.61854,0,0,0,0.91047,0,0,0,0,0.89386,0,0,0,0.34529,0,0,0,0,0.99639,0,0,0,0,0,0,0,0,0.89026,0.36382,0.7829,0,0,0,0,0,0,0,0,0,0,0.32832,0.15671,0,0,0,0,0,0,0.73948,0,0,0,0.63174,0,0,0.5999,0,0,0,0,0,0,0,0.64771,0,0.49676,0,0,0,0,0,0,0,0,0,0,0.8155,0,0.46628,0.26655,0,0,0.90027,0,0,0.20469,0,0,0.82477,0,0,0,0,0,0.11722,0,0,0,0.97204,0,0,0,0,0,0,0
0.56504,0,0,0.068896,0,0,0.1639,0,0,0,0,0,0,0,0,0,0,0,0,0.51052,0,0,0,0.54154,0,0,0,0,0.51004,0,0,0.12192,0,0,0,0,0,0.15575,0.40915,0,0.69365,0,0,0.78077,0.63636,0,0,0,0,0,0.58181,0,0.97473,0.52964,0.28837,0,0,0,0.19621,0,0,0,0,0,0,0,0.21537,0,0,0,0.43766,0,0,0,0,0.56695,0,0,0.91558,0,0,0,0,0,0,0,0,0,0,0.96336,0,0,0,0,0,0.74251,0,0,0,0,0,0,0,0.53421,0,0,0.082893,0.67737,0,0,0.65932,0,0,0,0.95138,0.58622,0,0,0.88903,0,0,0.28461,0.71284,0.44646,0,0.022401,0,0
0.39249,0,0.067025,0,0,0,0,0,0,0,0,0,0,0,0,0,0,0,0,0,0.77852,0,0.76431,0.56853,0,0,0.61446,0.58887,0,0,0.61663,0.23978,0,0,0.79108,0,0.70565,0,0,0,0,0,0,0,0,0,0,0,0,0,0,0,0.73788,0,0.13842,0.0054903,0,0,0.73852,0,0,0,0.81079,0.56472,0,0,0.055682,0,0,0,0.3231,0,0,0.93361,0,0.85276,0.68677,0.16724,0,0,0.67966,0,0,0,0,0,0,0,0,0,0,0,0.046072,0.23794,0,0.069935,0,0.86642,0,0,0,0.84633,0,0,0.50705,0,0.21393,0.12451,0,0.3501,0.44828,0,0,0,0,0,0,0.71137,0,0,0,0.74625,0,0,0,0.10588,0.35989,0
0.91592,0,0,0,0,0,0,0,0,0,0,0,0,0.26735,0,0.29602,0,0,0,0,0,0,0.092474,0.72583,0,0,0,0,0,0,0,0,0,0.71746,0,0,0,0,0.62087,0.37612,0.63067,0,0,0,0.51729,0,0.65021,0,0,0.87125,0,0,0,0,0.33102,0,0.55754,0,0,0,0,0.028614,0,0,0,0,0,0.22087,0.78559,0,0,0,0.2909,0,0,0,0.057183,0,0.6989,0,0.63833,0,0.64771,0,0,0,0,0,0,0.29676,0,0,0,0,0.64963,0,0,0,0,0.65096,0,0,0,0,0,0.019605,0,0,0.86493,0.89616,0.57372,0,0,0,0,0,0,0.53636,0,0,0,0,0,0,0,0,0,0
0,0,0,0,0.67832,0,0.791,0,0.72621,0,0,0.1752,0,0.10322,0,0,0,0,0,0,0,0.81755,0,0,0.9801,0,0,0,0,0,0,0,0,0.75168,0.90974,0.60851,0,0.4592,0,0,0,0,0,0,0,0.045914,0,0,0,0,0,0,0,0.59967,0,0,0,0.78142,0,0,0,0,0.81805,0,0,0.22308,0.7329,0,0,0.67756,0,0,0,0,0,0.9721,0,0,0.4116,0.051227,0,0,0,0,0,0,0,0,0.67262,0,0,0.091056,0.31035,0,0,0,0,0,0,0,0,0,0,0,0,0,0,0,0,0,0,0,0,0,0.47161,0.48687,0,0,0,0.26639,0,0.69387,0.93891,0,0.71397,0,0,0
0,0,0,0,0,0,0.031974,0.86933,0,0,0.24765,0,0,0,0.98542,0,0.12759,0,0,0,0,0,0,0,0,0,0.53295,0.3786,0,0,0,0,0,0.78377,0,0.91409,0,0,0,0.36112,0,0,0,0,0,0,0,0.91104,0.11912,0,0,0.034828,0.90451,0,0,0,0.93074,0.59,0.056448,0,0,0.88216,0,0,0,0,0,0,0,0,0,0.84952,0.56874,0,0.46059,0.067605,0,0.38321,0,0.7404,0.52233,0,0.49676,0,0,0,0,0,0,0.71004,0,0.31323,0.42662,0,0.6076,0.95845,0.75312,0,0,0.03935,0,0,0,0,0,0,0,0,0,0.74324,0.79792,0,0,0,0.98754,0.83909,0,0,0,0.93608,0,0,0,0,0,0,0,0
0.89387,0,0,0,0.1631,0,0,0,0,0,0,0.98898,0,0,0.1313,0,0,0,0,0.4673,0.37016,0,0,0,0,0,0,0,0,0,0,0,0,0,0,0,0,0.65756,0,0,0,0,0,0,0.87356,0.29488,0,0.27283,0,0.080891,0,0,0,0,0,0.18635,0,0,0,0.76001,0.90961,0,0,0,0.64462,0,0,0.51745,0,0,0,0,0,0,0.7016,0.045074,0,0,0,0.89025,0,0,0,0,0,0,0.67262,0,0,0,0,0,0,0,0.75617,0.68719,0.87726,0,0,0,0,0.68406,0,0.45392,0,0,0,0.59547,0,0,0,0,0.75201,0,0,0,0,0,0.017374,0.18618,0,0.44252,0.53096,0,0,0,0,0
0,0,0,0,0.06156,0,0,0.659,0,0.099398,0.60867,0,0.80435,0,0.032315,0,0.52193,0,0,0,0.29765,0,0,0,0,0,0,0,0,0,0,0,0,0,0,0,0,0,0,0.66065,0,0,0,0.59772,0,0.061549,0.89116,0.95333,0,0,0,0,0,0,0,0.18088,0,0,0,0,0,0,0,0,0,0,0.073545,0.98803,0,0,0,0.42791,0,0,0.75898,0,0.92317,0,0,0,0,0.87212,0,0.96336,0,0.29676,0,0.71004,0,0,0,0.95834,0,0,0,0.26003,0.89377,0.88821,0,0,0,0,0,0,0.83873,0.87701,0,0,0,0,0,0,0,0,0.85292,0,0,0,0,0,0,0,0,0,0,0.932,0,0
0,0,0,0.86483,0,0.14024,0,0,0,0,0.65714,0,0,0,0,0,0,0,0,0,0.59299,0.51337,0,0,0,0,0,0,0.24462,0.97351,0,0.91621,0.65201,0,0,0,0,0,0,0.1105,0,0,0,0,0,0,0,0,0,0,0,0.51463,0,0,0,0,0.48105,0.068172,0,0,0,0,0.38884,0.8052,0,0,0,0.78666,0.11998,0,0.41198,0,0,0,0,0,0,0,0.79807,0.25272,0,0.58748,0,0,0,0,0,0,0,0,0,0,0.61557,0,0,0,0.85583,0,0.89251,0,0,0,0,0,0.56766,0,0,0,0,0,0,0,0,0.79671,0.30908,0,0,0,0.14806,0,0,0,0,0.033935,0,0.61555,0.14447,0.088893
0,0,0,0.53856,0,0.99067,0.76916,0,0.5861,0.79085,0,0,0,0.54892,0,0,0,0,0,0,0,0,0,0,0,0,0,0.07642,0.47432,0,0,0,0,0.84973,0,0,0,0.40308,0,0.2368,0,0,0,0,0,0,0,0.54149,0,0.36891,0,0,0,0,0.75852,0,0,0.76904,0,0.34631,0,0,0,0,0,0,0,0,0,0,0,0.96745,0,0,0,0,0,0,0,0,0.35581,0.19319,0,0,0,0,0.091056,0.31323,0,0.95834,0,0,0,0,0,0,0,0.23045,0,0,0,0.48742,0,0.79243,0,0.4601,0,0,0.85495,0,0,0,0,0,0,0,0,0,0.95916,0,0,0,0,0,0,0,0,0
0,0,0,0,0,0,0.22018,0,0,0,0,0,0,0,0,0,0,0.82283,0.076042,0,0,0,0,0,0,0,0.082186,0,0.30972,0.8555,0,0.4743,0,0,0,0,0,0.32424,0,0.46004,0,0,0,0.67417,0,0,0,0,0,0,0,0,0.57406,0,0,0,0,0,0,0,0,0,0.84283,0.075822,0.25985,0,0,0,0,0,0,0,0,0,0,0.68756,0.4325,0.32373,0,0,0,0,0,0,0.046072,0,0.31035,0.42662,0,0,0.61557,0,0,0,0,0,0,0.62648,0,0,0,0.35678,0,0,0,0.97994,0,0.77292,0,0.29399,0,0,0.65258,0,0,0.051676,0,0,0,0,0,0,0,0,0.83237,0,0,0
0,0,0,0,0.50722,0.61259,0,0,0.68658,0,0.083905,0,0.71411,0,0,0,0,0,0.29838,0,0.23319,0,0,0.31744,0,0,0,0,0,0.28202,0.25056,0.12354,0,0,0.66814,0.27839,0.24757,0.56877,0,0,0,0.051348,0,0,0.82317,0,0,0,0,0,0.036945,0,0,0.26717,0,0,0,0,0.30219,0,0.6623,0,0.62576,0.71234,0.27583,0,0,0,0,0.99608,0.30045,0,0,0,0,0,0,0.50127,0.13232,0,0,0.89756,0,0,0.23794,0,0,0,0,0,0,0,0,0,0,0.73563,0,0,0,0.13562,0,0,0,0,0,0,0.52644,0,0,0,0.63276,0,0.55194,0,0,0.73947,0.18079,0.58679,0.71447,0,0,0,0,0,0,0,0.81664,0
0,0,0,0,0,0,0.39318,0,0,0,0.67996,0,0,0.13003,0.070238,0,0,0,0,0,0,0,0,0.045384,0.55393,0,0,0.89082,0,0.58579,0.53155,0,0,0,0,0,0,0,0,0,0.64404,0,0,0,0,0.40751,0,0.26137,0.60921,0,0.63279,0,0.75927,0,0,0,0,0,0,0,0,0,0.23389,0,0,0.28873,0,0.022698,0.29144,0,0,0,0,0,0,0,0,0.35408,0,0,0,0,0,0,0,0.64963,0,0.6076,0.75617,0,0,0,0,0,0,0.47862,0,0,0,0,0,0,0,0,0.77396,0,0,0,0,0,0.7897,0,0,0,0,0.55452,0,0,0,0,0,0.41913,0,0,0,0.63328,0.18171,0
0,0.045145,0.79661,0.31483,0,0,0,0.23551,0,0,0.26744,0,0,0,0,0,0,0,0,0,0,0,0.14238,0,0,0.19385,0,0,0.83339,0,0.7451,0,0,0,0,0,0,0,0,0.74385,0.26594,0,0,0,0.11342,0,0,0.048981,0.27612,0.65736,0.6267,0,0,0,0,0.57411,0,0,0,0,0,0,0,0.20036,0,0.40937,0,0.28431,0,0,0,0.83408,0,0.75735,0,0.86591,0,0,0,0.41693,0,0,0,0.74251,0.069935,0,0,0.95845,0.68719,0.26003,0,0,0,0.73563,0.47862,0,0,0,0,0,0,0.21333,0,0.21878,0,0,0,0,0,0,0.059559,0,0,0.18759,0.95174,0,0,0,0,0.50744,0,0,0.021803,0,0,0.0066872,0,0.7851
0,0,0,0,0,0,0.26082,0.85659,0.54611,0,0.4605,0,0.15267,0,0.25579,0,0,0,0,0.39165,0,0,0,0.96461,0.51942,0,0.12088,0,0,0,0.91489,0,0.45661,0,0,0,0,0,0,0,0,0,0.90468,0,0.2919,0,0.78219,0,0,0,0.055907,0.21304,0,0,0,0,0.77654,0,0,0,0,0,0,0,0,0,0,0,0,0,0,0,0,0.69681,0,0.90788,0,0,0,0,0.60888,0.54456,0,0,0,0,0,0.75312,0.87726,0.89377,0.85583,0,0,0,0,0,0,0,0,0,0.89896,0,0,0,0,0,0,0,0.5481,0,0.38941,0,0,0,0,0,0.19386,0,0,0,0,0,0,0,0,0,0,0
0,0,0,0,0.30991,0,0,0.41824,0,0,0,0,0,0,0,0,0.21018,0,0,0.76745,0.24255,0,0,0,0,0.88614,0,0.29754,0,0,0,0,0,0,0,0,0,0,0.19068,0,0,0,0,0,0,0,0,0,0,0.72412,0,0,0,0,0,0,0,0,0,0,0,0,0.95681,0,0.90147,0,0.70058,0,0,0,0,0,0.81347,0,0,0,0,0,0,0,0,0,0,0,0.86642,0,0,0,0,0.88821,0,0.23045,0.62648,0,0,0,0,0,0,0,0,0,0,0.30651,0,0,0,0,0,0.18434,0,0,0,0,0.11365,0.42947,0.36055,0,0,0,0,0,0.82039,0,0,0.21487,0,0
0,0,0,0,0.85691,0,0,0.76205,0.76026,0,0,0,0,0,0,0,0,0.45942,0,0.38408,0.10743,0.45547,0.14725,0,0,0,0,0,0,0.29359,0,0,0,0,0,0,0,0.38042,0,0,0,0,0,0.92455,0,0,0,0,0,0,0,0,0.19347,0.65505,0,0,0,0,0,0,0,0,0,0.39423,0.19349,0,0,0,0,0,0.031735,0.80182,0,0,0,0.31333,0.74694,0,0.59063,0,0.29643,0,0.8155,0,0,0,0,0,0,0,0.89251,0,0,0,0,0,0,0,0,0,0,0,0,0.73154,0,0,0.6667,0,0,0,0,0,0,0,0.11727,0,0,0,0,0,0.66056,0.15077,0,0,0,0,0,0.71769
0,0.72803,0,0.20197,0,0,0,0,0,0,0,0,0.73801,0,0,0,0,0,0,0,0,0.86717,0,0,0,0,0,0,0,0,0.20904,0,0,0,0,0.72876,0,0,0.6133,0,0,0,0,0.51297,0,0,0,0.95934,0,0,0,0,0,0,0,0.18444,0.20074,0.65912,0,0,0,0,0,0,0,0.73911,0,0.37437,0,0,0.97608,0,0,0,0,0,0,0,0.035211,0,0.32825,0,0,0,0,0.65096,0,0.03935,0,0,0,0,0,0.13562,0,0,0,0,0,0,0,0,0,0,0,0,0.459,0,0.043414,0,0,0,0.85092,0,0.00069541,0,0,0,0,0.14759,0.50529,0,0,0,0.49648,0.081003,0.83297,0
0,0.98451,0,0,0.97931,0,0,0.61919,0,0,0.94832,0,0.37376,0,0.22757,0,0,0.56818,0,0,0.56008,0,0,0,0,0,0,0,0,0,0,0,0,0,0.2811,0,0,0.8722,0,0,0,0.84564,0,0.64798,0.72367,0,0.26674,0,0,0,0,0,0,0,0.12199,0,0,0,0,0.15085,0,0,0.66791,0,0.33655,0.61769,0.77533,0,0,0.73294,0,0,0,0,0,0,0.73628,0.059901,0,0.22705,0,0,0.46628,0,0,0,0,0,0,0,0,0,0,0,0,0,0.89896,0,0,0,0,0,0,0.45993,0,0,0.21546,0,0,0,0.42023,0,0,0,0,0,0,0,0.30647,0,0,0,0.2875,0,0.96322,0,0,0
0,0,0.44838,0,0,0.062794,0.099259,0,0,0,0.3685,0.51353,0,0.38007,0,0,0,0,0.0016966,0,0,0,0,0.71758,0,0,0,0,0.34508,0,0,0,0,0,0,0.65639,0.16933,0,0,0.62115,0.42461,0,0,0,0,0,0,0.67708,0,0.17881,0,0,0,0,0,0,0,0,0.88746,0,0,0,0.15993,0.097846,0,0,0,0,0,0,0,0,0.76144,0,0,0.89408,0,0.24773,0.59723,0,0.076617,0,0.26655,0,0.84633,0,0,0,0.68406,0,0,0.48742,0.35678,0,0,0.21333,0,0,0,0,0,0,0,0,0.31272,0,0.22028,0.57958,0,0,0,0.084327,0,0,0,0,0,0,0,0.9207,0,0,0,0,0,0,0.4063,0
0,0,0,0.98266,0,0.57207,0,0,0.2325,0,0,0,0.11702,0.13038,0,0.74182,0,0,0,0,0,0.13831,0,0,0,0,0,0.18715,0.39648,0,0,0,0,0,0,0.336,0.45872,0,0,0.10292,0.17047,0.6414,0,0,0.78768,0.37236,0.3066,0.89764,0,0,0,0.72439,0,0,0,0,0.4067,0,0,0.18636,0,0,0,0,0.051584,0,0,0,0,0,0,0.94396,0,0,0.42062,0,0.59614,0.51354,0,0,0,0.89583,0,0,0,0,0,0,0,0,0,0,0,0,0,0,0,0,0,0,0,0,0,0.40504,0,0,0,0,0.53358,0.16296,0,0,0.42525,0.17122,0,0,0.40439,0,0,0.92946,0,0,0.86738,0,0,0.16146,0,0.5454
0.047637,0.68272,0.47551,0.92701,0,0.41136,0,0,0.87001,0,0,0,0,0,0,0,0,0,0,0,0,0,0,0,0,0,0,0,0,0,0.71,0,0.94237,0,0,0,0,0,0.48017,0,0.43461,0.51207,0,0,0.52449,0,0,0,0,0,0,0,0,0.46905,0.95854,0,0,0,0,0,0,0,0,0.8561,0,0.30553,0,0.72032,0.85462,0,0,0,0,0,0.30769,0,0,0,0.1568,0.077107,0,0.74809,0,0.53421,0,0,0,0,0.45392,0,0,0.79243,0,0,0,0.21878,0,0.30651,0.73154,0,0.45993,0,0.40504,0,0,0,0,0,0,0.07579,0,0.062168,0,0.67557,0,0.77972,0,0,0,0,0,0,0,0.72801,0.84331,0,0,0
0,0,0,0,0,0.31302,0,0,0.28283,0,0.064712,0,0,0.060515,0,0,0,0,0,0,0,0,0.57909,0,0,0,0,0.83696,0,0.34739,0.34843,0,0,0,0,0,0,0,0,0,0,0.041527,0.39132,0,0.86631,0,0,0,0.025259,0,0,0.17138,0,0,0,0.83093,0,0,0,0.012831,0,0,0,0,0.46669,0,0,0,0,0,0,0,0.83162,0,0,0,0,0,0,0,0,0,0.90027,0,0.50705,0,0,0,0,0.83873,0.56766,0,0,0,0.77396,0,0,0,0,0,0,0.31272,0,0,0,0,0.89009,0,0,0.43698,0,0,0.5744,0,0,0,0,0,0,0,0,0.54029,0,0.62138,0.1139,0,0,0.74414
0.36686,0,0.28417,0.91439,0.66015,0.42553,0.6251,0,0,0,0,0,0,0,0,0,0,0,0,0,0.60012,0.98051,0,0,0,0,0,0,0,0,0.76433,0,0.7189,0,0,0,0.88066,0,0,0.01065,0,0.57154,0,0,0.9716,0,0.53363,0,0,0.062717,0.5647,0,0,0.22813,0,0.44058,0.098906,0.12712,0,0,0.80163,0.25488,0,0,0,0,0,0,0.49993,0,0,0,0.523,0,0,0,0,0,0,0,0,0,0,0,0,0.019605,0,0,0,0.87701,0,0.4601,0.97994,0,0,0,0,0,0,0,0,0,0,0,0,0,0.30155,0,0,0,0,0.69517,0,0.39989,0.30316,0.39667,0,0.21095,0,0.13675,0,0,0.86021,0,0,0,0,0
0,0,0.059494,0,0,0.20021,0,0,0,0,0,0,0.86824,0,0.77087,0,0,0,0,0,0,0,0,0,0.93187,0,0,0.080753,0.069891,0.97731,0,0.5217,0,0.7877,0,0,0.30975,0.11852,0,0,0,0.48543,0,0,0,0,0.41528,0,0,0,0,0,0,0,0.91584,0.15946,0.20361,0,0,0.15009,0.9577,0.74868,0.20645,0,0.6657,0,0.21956,0,0.4493,0,0,0.94037,0,0,0.58194,0,0.14773,0,0,0.62953,0.1843,0,0,0.082893,0.21393,0,0,0,0,0,0,0,0,0.52644,0,0,0,0,0.6667,0.459,0.21546,0.22028,0,0,0.89009,0.30155,0,0,0,0,0,0,0,0,0,0,0.22578,0,0,0,0,0.19636,0.55063,0.12579,0,0,0.42145,0
0,0.64478,0,0.84513,0,0,0,0,0,0,0.595,0,0,0,0,0,0,0,0,0,0,0.33099,0,0,0.21141,0,0.62569,0,0,0,0,0.26306,0,0.97565,0.16136,0,0.79454,0,0.92443,0,0.46631,0,0,0,0,0,0,0.61357,0.41049,0,0,0.96922,0,0,0,0.6532,0.77141,0,0.41517,0,0,0,0.14907,0,0,0.49432,0,0,0.84869,0,0.67779,0,0,0,0.44593,0,0,0.49708,0.15613,0.69787,0,0,0.20469,0.67737,0.12451,0,0,0,0.59547,0,0,0,0.77292,0,0,0,0,0,0,0,0,0.57958,0,0,0,0,0,0,0,0.27162,0.66407,0,0,0.93553,0,0,0,0,0,0,0,0,0.45724,0,0,0,0,0
0,0,0.27681,0,0,0,0,0,0.97804,0,0,0,0.96492,0,0,0,0,0,0,0,0,0,0.72805,0,0,0,0,0,0.72478,0,0.64496,0,0,0,0,0,0,0.08585,0,0.5279,0,0,0,0,0,0,0,0.85154,0,0,0.20999,0.82674,0,0.20641,0,0,0.4755,0,0,0.29993,0,0,0,0,0,0.34497,0,0.92795,0,0,0,0,0,0,0.030121,0,0.72004,0.37622,0,0,0.58803,0.32995,0,0,0,0.86493,0,0,0,0,0,0.85495,0,0,0,0,0.5481,0,0,0.043414,0,0,0.53358,0,0,0,0,0,0,0,0,0,0,0,0,0,0,0,0,0,0,0,0,0,0,0,0,0
0.25853,0,0,0,0.2606,0.47249,0,0,0,0,0,0,0,0,0,0,0,0,0,0.094833,0,0.063145,0.81648,0,0,0.068448,0,0,0,0,0,0.29764,0,0,0.78757,0,0,0.45637,0,0,0,0.91018,0,0,0,0,0,0.55067,0,0,0,0,0,0,0,0,0.42922,0,0,0,0,0.39905,0.063297,0,0,0.71619,0.71992,0,0,0.74117,0,0,0,0,0,0.68937,0.26042,0.00987,0,0,0,0,0,0,0.3501,0.89616,0,0.74324,0,0,0,0,0.29399,0,0,0,0,0.18434,0,0,0,0,0.16296,0.07579,0.43698,0,0,0.27162,0,0,0.63447,0,0,0,0.36918,0,0,0,0,0,0,0.74918,0.85002,0,0,0,0.53325,0
0,0,0,0.47082,0,0,0,0,0.72859,0.3914,0.15602,0,0,0.14159,0,0,0,0,0,0,0.90452,0,0,0.35242,0.15946,0,0.87188,0,0,0,0,0,0,0.80371,0,0,0,0,0,0,0,0,0,0,0,0.73415,0,0,0,0.49217,0.40184,0,0.8626,0.18084,0,0,0.92557,0,0,0,0,0,0.82204,0,0,0.68658,0,0,0.46916,0,0,0,0,0,0,0.88794,0,0.98236,0,0,0.032336,0,0.82477,0.65932,0.44828,0.57372,0,0.79792,0,0,0,0,0,0.63276,0.7897,0.059559,0.38941,0,0,0,0.42023,0,0,0,0,0,0,0.66407,0,0.63447,0,0.002059,0,0,0.12034,0,0,0,0,0,0,0,0,0.21546,0,0,0,0
0,0,0,0,0,0.76686,0,0,0,0.75009,0,0,0,0.11562,0,0,0,0,0,0,0,0,0,0,0,0,0,0,0,0.20409,0,0,0,0.11626,0,0,0,0,0,0,0,0,0,0.84146,0.38157,0,0.45405,0,0,0,0,0.073887,0.025165,0,0,0.96111,0,0,0,0.15839,0,0,0,0,0,0,0.93364,0,0,0,0,0,0,0.23677,0,0,0.075554,0.67256,0,0,0,0,0,0,0,0,0,0,0,0,0,0,0,0,0,0,0,0,0,0,0,0.084327,0,0.062168,0,0.69517,0,0,0,0,0.002059,0,0.76825,0,0,0,0,0,0.8281,0,0,0.71566,0,0,0.93618,0,0,0
0,0.51519,0,0.57733,0,0.0049427,0,0.35223,0,0.54473,0,0.092064,0,0,0,0,0.27232,0,0,0.59073,0,0,0,0,0.0046273,0,0,0.030751,0,0,0,0,0,0.37671,0.16552,0,0,0,0.30622,0,0,0.26997,0,0,0,0,0,0,0,0,0,0,0,0.30721,0,0.58402,0,0.53852,0,0,0,0,0,0,0,0,0,0,0,0,0,0,0,0,0.79067,0,0,0.37272,0,0,0,0,0,0,0,0,0,0,0.75201,0,0,0,0.65258,0.55194,0,0,0,0,0,0.85092,0,0,0.42525,0,0.5744,0,0,0,0,0,0,0.76825,0,0.47624,0.71191,0,0.66906,0.41392,0,0.87157,0,0,0,0.30838,0,0,0,0
0,0,0.22257,0.32074,0,0,0,0.22685,0,0.021758,0,0,0,0,0.015473,0.78385,0,0,0,0,0.018647,0,0,0.90273,0.1966,0,0,0.60903,0,0,0.52287,0.70673,0.3532,0.75889,0.50558,0.76577,0,0.36253,0.92502,0,0.9011,0,0,0.55171,0,0,0,0,0,0,0,0,0.52103,0,0.17902,0,0.60892,0,0,0.72796,0,0,0,0,0,0.87594,0.47332,0,0,0,0.75221,0,0,0,0.18105,0,0,0.021336,0,0.12927,0,0.86005,0,0,0,0,0,0,0,0,0.79671,0,0,0,0,0.18759,0,0,0,0,0,0,0.17122,0.67557,0,0.39989,0,0.93553,0,0,0,0,0.47624,0,0,0.35723,0,0,0,0,0.19802,0,0,0,0,0,0.43032,0
0,0,0,0,0.98034,0,0,0,0,0,0,0.43965,0.80384,0,0.81767,0,0,0.23153,0,0,0.64126,0,0.25781,0.12411,0,0,0.40706,0.067692,0,0.10976,0,0.52956,0,0,0,0,0,0,0,0,0,0.2115,0.025967,0,0,0,0,0,0,0,0,0,0,0,0,0,0,0.99412,0,0,0,0,0,0.74464,0,0,0.98224,0,0,0,0,0,0,0,0,0,0,0,0,0,0,0,0,0.95138,0,0,0.47161,0.98754,0,0.85292,0.30908,0,0,0,0,0.95174,0,0.11365,0.11727,0.00069541,0,0,0,0,0,0.30316,0,0,0,0.36918,0.12034,0,0.71191,0,0,0.65947,0.95721,0,0,0,0,0,0,0,0,0,0,0.68732
0,0,0,0,0.10961,0,0,0,0,0,0,0.72396,0,0,0.8826,0,0,0.00049313,0.10194,0,0,0,0.37038,0,0.91469,0.99899,0,0,0,0,0,0,0,0,0.17049,0,0,0.17262,0,0,0.10307,0.60615,0.41189,0.25578,0,0,0,0,0,0,0,0.20168,0,0.18769,0,0.88377,0,0,0,0.63141,0,0.62243,0,0.65827,0.17708,0,0,0,0.62585,0,0.87646,0.1782,0,0.64557,0,0,0,0,0,0,0.88412,0.25052,0,0.58622,0,0,0.48687,0.83909,0,0,0,0,0.051676,0.73947,0.55452,0,0,0.42947,0,0,0,0,0,0.77972,0,0.39667,0,0,0,0,0,0,0,0.35723,0.65947,0,0.43167,0,0,0.012355,0,0.7045,0,0,0.68836,0,0,0
0,0,0,0,0,0,0,0.48411,0,0,0.14475,0,0,0,0,0,0.51167,0,0,0,0,0,0,0.99353,0.76257,0,0,0,0,0.96602,0,0.92988,0,0,0.23649,0,0,0,0,0,0,0.097522,0.40977,0,0,0,0,0,0,0.13117,0,0,0,0,0,0,0,0,0,0.75457,0,0.3481,0,0,0,0,0,0.44978,0,0,0,0.19934,0.73652,0.20337,0,0.76816,0.24128,0.61373,0,0.34577,0.72263,0,0.11722,0,0,0,0,0,0,0,0,0,0,0.18079,0,0,0.19386,0.36055,0,0,0,0,0.40439,0,0,0,0.22578,0,0,0,0,0,0.66906,0,0.95721,0.43167,0,0.51582,0.80789,0.72204,0.10438,0,0,0,0,0,0,0
0,0,0,0,0,0,0.80381,0.79819,0,0,0.99524,0,0.2118,0.32902,0,0,0.76234,0,0.75676,0.96128,0.56989,0,0,0,0.60851,0.36509,0,0.34355,0.59999,0,0,0,0,0,0.52563,0,0,0,0,0,0.48497,0,0,0,0,0,0.65565,0.038252,0,0,0,0,0,0.18992,0,0,0,0,0,0,0,0,0.92875,0,0,0,0,0,0.58298,0,0.01541,0,0,0.29368,0,0.04526,0,0,0.79473,0,0,0,0,0,0.71137,0.53636,0,0,0,0,0,0,0,0.58679,0,0,0,0,0,0,0,0,0,0,0,0.21095,0,0,0,0,0,0,0.41392,0,0,0,0.51582,0,0,0,0,0,0,0,0.30711,0,0,0.61129
0,0,0,0.85276,0,0.48153,0,0.2723,0.7312,0,0,0.96947,0,0,0.37562,0,0,0,0,0.2386,0,0,0,0,0,0.2427,0,0,0.018939,0,0,0.98265,0,0,0,0.80262,0,0,0,0.56349,0.38883,0,0.65253,0,0.99371,0,0,0.71377,0,0.10237,0,0,0,0,0,0,0.44729,0.69279,0.33296,0.92175,0,0,0,0.63249,0,0,0,0,0,0,0,0.93219,0,0,0.42592,0,0.30049,0,0,0,0,0,0,0.88903,0,0,0,0,0.017374,0,0.14806,0.95916,0,0.71447,0,0,0,0,0,0,0.30647,0,0,0,0,0,0,0,0,0,0,0.8281,0,0,0,0,0.80789,0,0,0,0,0.73629,0,0.030952,0,0,0,0.082342
0,0,0,0,0.91897,0.62398,0.25758,0,0.9513,0,0,0,0,0.046206,0,0,0,0,0,0,0,0,0,0,0,0,0.020927,0.08805,0,0,0.51784,0,0,0,0,0,0,0,0,0,0,0,0,0,0.87866,0,0.40218,0,0,0,0,0.56132,0.59816,0.075051,0,0.39149,0,0,0,0,0.35499,0,0,0,0,0,0.24479,0,0.10803,0,0.11229,0,0,0,0,0.2672,0,0,0,0,0,0,0,0,0,0,0.26639,0.93608,0.18618,0,0,0,0,0,0,0.50744,0,0,0,0.14759,0,0.9207,0.92946,0,0,0.13675,0,0,0,0,0,0,0.87157,0,0,0.012355,0.72204,0,0,0,0,0,0,0,0,0.091804,0,0
0,0,0,0.11172,0,0,0,0.84678,0,0,0.65966,0,0.77966,0.35856,0.18414,0,0,0.01018,0,0,0,0,0,0,0,0,0,0,0.085915,0.32947,0,0.30083,0,0,0,0.50657,0,0.38661,0,0,0,0.9373,0,0.15954,0.77971,0,0.17746,0,0,0.80529,0,0,0,0,0.56238,0,0.47007,0.35961,0,0,0,0,0.37177,0,0,0,0,0.38287,0,0,0,0,0,0,0,0,0,0,0.25631,0,0,0,0.97204,0,0,0,0,0,0,0,0,0,0,0,0,0,0,0,0.66056,0.50529,0,0,0,0,0,0,0,0,0,0,0,0,0,0.19802,0,0,0.10438,0,0,0,0,0.65669,0,0.20146,0,0,0,0
0,0,0,0,0.45371,0,0,0,0,0,0,0,0.064794,0,0,0.85076,0.27943,0,0,0,0,0,0,0,0.91192,0,0,0,0,0.05977,0,0,0,0.61597,0.56394,0.66827,0,0,0,0,0,0,0.33544,0.037794,0,0.28579,0.93125,0,0.79985,0.33107,0,0,0,0.73742,0,0.56744,0.016064,0,0,0.42551,0,0,0,0.029378,0,0,0.78418,0.98081,0,0.68994,0,0.77969,0,0,0,0.59798,0,0,0,0,0,0,0,0.28461,0.74625,0,0.69387,0,0.44252,0,0,0,0,0,0.41913,0,0,0,0.15077,0,0,0,0,0,0.54029,0,0.19636,0,0,0.74918,0,0.71566,0,0,0,0.7045,0,0,0.73629,0,0.65669,0,0,0,0.86065,0,0,0.377
0,0,0,0,0,0,0.8911,0,0.49108,0,0.34178,0,0,0,0,0,0.96271,0,0,0,0,0,0,0,0,0,0.12494,0,0,0,0,0.20861,0.15497,0,0.8076,0,0,0,0,0,0,0,0.067367,0,0.4906,0.59842,0.36502,0.68856,0,0.85691,0.90064,0,0,0,0.9515,0,0,0,0,0,0,0.90005,0,0.0065369,0,0,0.041932,0,0,0,0.87089,0,0,0.4444,0,0,0.44254,0.3306,0,0,0,0.93967,0,0.71284,0,0,0.93891,0,0.53096,0,0,0,0,0,0,0.021803,0,0.82039,0,0,0.2875,0,0.86738,0,0,0.86021,0.55063,0.45724,0,0.85002,0,0,0,0,0,0,0,0,0,0,0,0,0,0.06743,0.94846,0,0,0.40497
0,0,0,0,0,0,0,0,0,0,0,0,0,0,0,0,0,0.13496,0,0,0.57813,0,0,0,0.90437,0,0,0,0,0.77117,0.70414,0,0,0,0,0,0,0.42241,0.95786,0.75559,0.366,0,0,0,0.55061,0,0,0,0,0.22143,0.25594,0,0,0.73525,0.31555,0,0,0,0,0,0.42241,0,0,0,0,0.74844,0,0,0,0,0,0,0,0,0.35309,0,0,0,0,0,0,0,0,0.44646,0,0,0,0,0,0,0.033935,0,0,0,0,0,0,0,0,0,0,0,0,0.72801,0.62138,0,0.12579,0,0,0,0.21546,0,0.30838,0,0,0,0,0,0.030952,0,0.20146,0,0.06743,0,0,0,0,0
0.63643,0.80275,0.39434,0,0,0.26274,0,0.28383,0,0.71364,0,0,0.19414,0,0,0.58008,0,0,0,0,0,0.24747,0,0,0.93591,0,0.56456,0,0,0,0,0.87961,0,0.99268,0.94625,0.47838,0.12499,0,0.064156,0,0,0.38666,0,0,0,0,0.55825,0,0,0.92243,0,0,0,0,0.93431,0.82481,0.18358,0,0,0.39311,0.91278,0,0,0.53417,0,0,0,0,0,0,0.45146,0,0,0.2856,0,0,0.62277,0,0,0.18177,0.92715,0,0,0,0,0,0.71397,0,0,0,0,0,0.83237,0,0,0,0,0,0,0.49648,0.96322,0,0,0.84331,0.1139,0,0,0,0,0,0,0.93618,0,0,0,0.68836,0,0.30711,0,0,0,0.86065,0.94846,0,0,0,0.0024213,0
0,0,0.5632,0,0,0,0,0,0.14997,0,0,0,0,0,0,0,0,0,0,0,0.98621,0,0,0,0,0,0,0,0,0,0,0,0,0,0,0.81502,0,0,0,0,0,0.91222,0,0,0.68397,0,0,0,0,0,0,0,0.30303,0,0,0,0.7318,0.27621,0,0.61524,0,0.29485,0,0,0.51828,0.73892,0,0,0,0.74402,0,0,0,0,0,0,0,0,0.40346,0,0.16093,0,0,0.022401,0.10588,0,0,0,0,0.932,0.61555,0,0,0,0.63328,0.0066872,0,0.21487,0,0.081003,0,0,0.16146,0,0,0,0,0,0,0,0,0,0,0,0,0,0,0,0,0.091804,0,0,0,0,0,0,0,0
0,0,0,0.071796,0,0,0,0,0.26885,0,0.040067,0.74408,0,0,0,0.94483,0,0.22136,0.60057,0,0.43609,0.17356,0.19489,0,0,0,0.18912,0,0,0,0,0,0.92989,0,0,0,0,0,0,0,0,0.49054,0,0,0,0,0.79632,0,0,0,0,0,0,0.1848,0,0,0.22778,0.84981,0,0,0,0,0,0,0,0,0,0,0,0.49429,0.98574,0,0,0,0.17223,0.9501,0,0.38234,0,0,0.44763,0,0,0,0.35989,0,0,0,0,0,0.14447,0,0,0.81664,0.18171,0,0,0,0,0.83297,0,0.4063,0,0,0,0,0.42145,0,0,0.53325,0,0,0,0.43032,0,0,0,0,0,0,0,0,0,0,0.0024213,0,0,0
0.66466,0,0,0.25679,0,0,0,0,0,0,0,0,0.59192,0,0,0.35785,0,0,0,0,0,0.54805,0.78069,0,0,0.55888,0,0,0,0,0,0,0.30169,0,0,0.46061,0,0,0.92092,0,0,0,0,0,0,0,0,0.88618,0,0,0.87947,0,0,0,0.97034,0,0,0,0.75231,0,0,0,0,0,0,0,0.015543,0,0,0,0,0,0,0.99234,0,0.45576,0,0,0,0.5205,0,0,0,0,0,0,0,0,0,0,0.088893,0,0,0,0,0.7851,0,0,0.71769,0,0,0,0.5454,0,0.74414,0,0,0,0,0,0,0,0,0,0.68732,0,0,0.61129,0.082342,0,0,0.377,0.40497,0,0,0,0,0
